-1.275133180889285844e+00
-2.318983814515953146e+00
-3.877171421369353332e+00
-2.289936803658324749e+00
-4.908078271088715638e+00
-2.779481765022181694e+00
-2.742892153219869122e+00
-3.747563210382057530e+00
-4.670571411181517085e+00
-2.859502843570412622e+00
-3.109962286601796411e+00
-3.931644157839218057e+00
-5.067628940361499801e+00
-2.975045901329064879e+00
-3.926644729673211653e+00
-5.069315240873866202e+00
-2.912940378483777515e+00
2.166109441107719746e-01
-3.733655331814155431e+00
-4.446917515954496025e-03
1.228663429460191026e+00
-4.906837804755349808e+00
-2.981911583602071314e+00
1.207463835632618832e+00
-3.242159922818088180e+00
-2.926375708469200365e+00
-6.340010948749783992e+00
-4.063323800639335737e+00
-1.888822630662125857e+00
1.858565285902500364e+00
-3.392013666943380912e+00
-6.325252644502709742e+00
-5.810498381546617352e+00
-3.071579371876593356e+00
-6.455864038955021478e-01
-1.725292634249209200e+00
-2.079488272979747698e+00
-3.817112261648074600e-01
-4.440458175037902855e+00
-2.961810560084869426e+00
-4.040764240404790542e+00
-3.542911470904146931e+00
-5.012538708650970065e+00
-3.687952142867591654e+00
-3.055431132490797896e+00
-3.742942999723100961e+00
-3.322123006027603687e+00
-2.189918913125627142e+00
-5.226084618712016905e-01
-3.776882637748042448e-01
-1.477156465206015401e+00
-5.519962956876631743e+00
-3.720819971139707416e+00
-3.548570061425202926e+00
-4.314299661577129186e+00
-2.315297641940786466e+00
-6.188656986562915741e+00
3.871329390565829698e-01
-6.095586569565707435e-01
-2.043595476196484739e+00
-3.124218659840369394e+00
-5.423214098548934103e-01
-1.621190126439465695e+00
-7.867244315638148855e-01
-3.118104164519680310e+00
5.786261717283345263e-01
-6.662242486202876179e-01
-1.980927409128137251e+00
-4.880541591376905686e-01
-3.838323883667944081e+00
-5.335000718694052679e+00
-2.356898973905048766e+00
-3.114180891626937786e+00
-3.395434684555258098e+00
-5.673759213011937419e-01
-2.665721573578739179e+00
-2.472861852929031379e+00
-3.654105117508192446e+00
-1.237753721440948196e+00
-1.596248437384161001e+00
-1.252680646211413062e+00
-3.994527933272356890e+00
-3.918230799060102854e-01
6.775368475327461226e-01
-1.315923205350588487e+00
-4.618576574488582054e+00
-4.604404568472402204e+00
-3.750753911186175849e+00
-4.128754428037042068e+00
-3.142185251374529198e+00
-1.735115067264304756e+00
-2.420095118500302789e+00
-2.595421887227422175e+00
-3.482405499600291332e+00
-3.147691854329098593e+00
-1.406848984941996950e+00
-7.023916054999629566e+00
-3.022780816957463035e+00
-2.424024810145350095e+00
-1.432833862905414257e+00
-5.020091878567648713e+00
-5.125819364906237574e+00
-1.832090010243732747e+00
-6.808904480513831459e+00
-3.356217784784290004e-01
-2.546816017014378986e+00
1.174424256868737970e-01
-5.174144753139025887e+00
-3.872718937436480768e+00
-7.815736653853771365e+00
-4.591379525990552324e+00
-3.367693761443758760e+00
-6.925415160016873628e+00
-3.789253624396798692e+00
-6.974680353720488668e+00
-3.514920369822850610e+00
-7.057761457835267649e-01
-3.069959500228245375e+00
3.164147452236059088e-01
-1.427414873210780533e+00
-3.037043027860573119e-01
-4.529890481756567056e+00
-4.578283256785204536e+00
-2.308773167229262846e+00
-6.155404183265718032e+00
-2.057712500475819439e+00
-3.647839633093859391e+00
-3.400063249066858084e-01
-1.640975491841178968e+00
-8.065871393197459049e-01
-4.508412162790094158e+00
-9.035794624765438599e-01
-1.105750112714343203e-01
-3.077427646760681590e+00
-4.478701238732976542e+00
-4.443574402468819073e+00
-5.219740159680701375e-01
2.368691484846622508e+00
-4.963290140350443913e+00
-5.117040100085120002e+00
-1.157171638651042445e+00
-4.507827058733289149e+00
-9.632892315434604669e-01
-2.069307652946708487e+00
-3.047954604995927852e+00
-2.117456930956624461e+00
-2.239603261693211778e+00
-3.359212995572351090e+00
-6.512722063276989104e+00
-2.642698542821930285e+00
1.461207321283284344e-01
-6.217537326409047438e+00
-4.931570040277889255e+00
-2.146346050467978106e+00
-2.922816274535438907e+00
-2.177635680831421450e+00
-4.398636415655324150e+00
-6.750834268153877993e-01
-2.906198868619577880e+00
-1.606028955313886231e+00
-2.359445178057807624e+00
-2.649010064078014981e+00
-1.746332685943740248e+00
-2.627024092066099215e+00
-5.380398056191023848e+00
-8.252863485680710376e-01
-1.363745427503632701e+00
-7.213700782715619653e+00
-4.308400569751354325e+00
-9.152790750143862120e-01
-6.653857092955667518e+00
-1.112866236198511105e+00
-3.282445071308501383e+00
-3.194348593320182061e-01
-3.002293578150927456e+00
-4.444135985991255033e+00
-2.383828678481719088e+00
-3.060770979019972415e+00
-4.621702268281361548e+00
1.436686966022772793e+00
-4.942196363168629425e+00
-7.485910750119588286e+00
1.633979362429851534e-01
-4.167126944631853291e+00
-3.593546521931391347e+00
-3.715812129258068364e+00
-4.139302868316652173e+00
-4.532384942526891614e+00
-4.993634604993928860e+00
-2.870480476590868690e+00
-3.803975115351270198e+00
-1.539275619332106881e+00
-2.034611896767692052e+00
-4.855024387050808521e+00
-2.782957447855287647e+00
-3.835676648242706932e+00
-4.983320885267331413e+00
-1.621136858969735028e+00
-3.242650558616729572e+00
-3.815100040340958287e+00
-4.711134472846558729e+00
-5.055873522146677956e+00
9.775360478290919808e-01
-2.331762700740006800e+00
-5.182258074405632797e+00
-2.424268203354374318e+00
-8.759676464089247716e-01
-2.664964774939915237e+00
-2.519573157337511304e-01
-6.085626284139934228e+00
-6.982644094760421360e+00
-2.478965156292493699e+00
-2.447007713252233874e+00
-9.679000356508485226e+00
-4.247152182404030363e+00
-5.017324628766910877e+00
-5.783892481406312847e+00
-5.022083529219621312e+00
-1.808424396801280754e+00
-5.034810042579416667e+00
-4.966244269163683001e+00
-6.237610617715358075e+00
-4.621807149683481164e-01
-2.130735269058731340e+00
-7.984712405805802327e+00
-4.964480158446372471e+00
-1.942964231210148052e+00
-4.372149020343263359e-01
-1.318322481266686719e+00
-3.711365820515771130e+00
-6.862753721586076772e+00
-1.259502012177379227e+00
-3.593793702641008725e+00
-2.862275970769859956e+00
-3.354840876416993467e+00
-5.711058999152536231e+00
-2.271499575554021710e+00
-2.547081937773106652e+00
-3.851577685829596920e+00
-2.057788400275025964e+00
-5.747999094846612422e+00
-3.538005551766217671e+00
-2.947745054128422471e+00
-6.469855264270124806e+00
-3.114193221672106660e+00
-1.532709706637408242e+00
-3.606461848085735333e+00
-3.068229805028688695e+00
-1.875311921531666037e+00
-3.775600217732545172e+00
-3.595594799088577709e+00
-5.353407029064934264e+00
-3.029873554641530298e+00
-3.669696967209560956e+00
-2.001820409893354746e+00
-1.873080091633521960e+00
-1.417581921974237824e+00
-4.016520701790261327e+00
-7.353162171248231793e+00
-1.516720507070450807e+00
-2.137758071805181626e+00
-4.270583209372180278e+00
-1.890119600865325600e+00
-5.897179605032483174e+00
-9.395195742594499855e-01
-3.667249103588099857e+00
-4.657855226009790961e+00
-4.243403112477775352e+00
-3.462969972000424779e+00
-3.024024146598926599e+00
-2.903439439201186190e+00
-3.859214887916247783e+00
-2.599520853077041949e+00
-2.983441451333132655e+00
-4.295145991148798359e+00
-4.596381248842527967e+00
-1.783268914210325073e+00
-1.951347928004189436e+00
-2.885727289677473273e+00
-1.151609068019597393e+00
-6.922655312335269429e+00
-4.128789283013405864e+00
-5.312634224669288585e+00
1.512544530275701682e+00
-1.573560359208027171e+00
-3.158123967316551539e+00
-1.430018842307687388e+00
-7.674486724897700007e-01
-7.887366169518581493e-01
-1.156593029799293459e+00
-3.525080646564123121e+00
-4.002730838967904603e+00
-4.924378359961369966e+00
-1.995105466541985395e+00
-3.317871470657562050e+00
-3.836942061034391838e+00
-3.941322723455604748e+00
-9.961473873062320905e-02
-1.094639174316657471e+00
6.607877122563308170e-01
-1.941967400215782513e+00
-2.886091119490203916e+00
-3.050804901489849730e+00
-5.040603094522945860e+00
-5.522837983502801862e+00
-1.985317956214250890e+00
-4.869357420966509586e+00
-2.577084492265528048e+00
-7.690666338095768495e-01
-4.330907866061792788e+00
1.020963269183155830e+00
-4.981390241888198567e+00
-1.019610487020307987e+00
-2.150487637735275293e+00
-6.118095001076975237e-01
-5.232395222719379291e+00
1.614041833907221779e+00
-3.357550167565811261e+00
-1.646704121401437071e+00
-1.110250221069981613e-01
-4.209324134990431787e+00
-1.348547274105642790e+00
-4.542939290442985723e+00
-2.060768390843215059e-01
-4.520361462457467283e+00
-2.922986035008481753e+00
-2.387758597976080033e+00
-1.431400460554768994e+00
9.369526168530901700e-01
-3.903937979228978783e+00
-7.225304514527870481e-01
9.405168972682740325e-01
-2.668533278270165621e+00
-4.100265500240582561e+00
-6.460067478870582747e+00
7.665515348221245695e-01
-3.488888659848727425e+00
-5.002716998461101738e+00
-5.716660168419525512e+00
-5.006428380780082676e+00
-1.160589413545669579e+00
-8.842629446505236857e-01
-1.695756257088927299e+00
-2.735324345293271175e+00
-5.491041179002671413e+00
-4.459881891804094778e+00
-5.213238821362550901e+00
-1.854357988947469726e+00
-5.126624957723408649e+00
-4.428492222107184517e+00
-3.366974485997014099e+00
-6.339600306192694212e+00
-2.906457138318307099e+00
-3.214305762071072881e+00
-6.315817080766183977e-01
-4.639731090067503949e+00
-5.598391036624670747e+00
-3.748119299182569808e+00
-5.196182586872032161e+00
-2.921690816373751165e+00
-6.719869723653212112e+00
-4.210690806754563198e+00
-4.856743339644439494e+00
-1.864485845827862365e+00
-4.621129419250729953e+00
-6.472191517196998589e+00
-3.403640193869096997e+00
-2.360227719450981976e+00
-3.542410386521451571e+00
-4.222645558438215652e+00
-4.343124201168524934e+00
-2.774103935115932007e+00
-4.778897498479096839e+00
-3.656965942821067461e+00
-1.499106858225252914e+00
-5.602646157811291161e+00
-3.087334039480544412e+00
-6.577978825594009038e+00
-2.544140659980094199e+00
-4.957618421598121827e+00
-9.608163739384099067e-01
-5.953894619290697854e+00
-2.115841926397984185e+00
-5.577378429470134513e-01
-5.061378802840937219e+00
-4.723769857989879029e+00
-4.888391288753195063e+00
-3.971725376808608043e+00
-1.965156401621068749e+00
-4.135009867774247283e+00
-5.241916450412714035e+00
-7.037507413166580683e+00
2.038950130247925152e-01
3.609912608292953351e-01
-1.879525921023086577e+00
-4.620767388849969848e+00
-1.504595769736706723e+00
-1.102586165013867747e+00
-3.508496262825467227e+00
-2.917262912002219100e+00
-5.364635410210150113e-01
-6.280922714112817218e+00
-1.003154353755651984e+00
-3.618307622713026639e+00
-5.225156604022100915e+00
-5.060612946588677552e+00
-4.729444269038176607e+00
-5.420141440202406180e+00
5.427779487780317602e-01
-2.017594122997997452e+00
-8.710344927828632677e-01
-1.875263416766643987e+00
-2.877544783059653444e+00
-2.850489353268735648e+00
-3.795025277819724430e+00
-3.631564752880341196e+00
-5.816206747625782825e+00
-8.363476979194737204e-01
-6.626466572006091127e+00
-5.117221181058398294e+00
1.024068261921221357e+00
-2.727654233870346445e+00
-2.644579109939602546e+00
-1.725322904464541951e+00
-6.080674986242790681e+00
-5.787586732940046552e+00
-3.889788693097693262e+00
-4.806721915095380382e+00
-3.149911930018801431e+00
-2.028901409395728273e+00
-2.216739042588082853e-01
-1.377823320420818121e+00
-4.988553423377908302e+00
-3.749928155895585924e+00
-4.293890342499229185e+00
-5.033121758024698522e+00
-5.488350225355665302e+00
3.286247754490809747e-01
-2.978715513534699877e+00
-3.448460413209495812e+00
-2.031484866811396728e+00
-1.932507792516854117e+00
-7.623486925871572062e-01
-4.487323226733531456e+00
-2.194555566254359213e+00
-4.822347952701657725e+00
-3.380315887477456371e+00
-2.886514865675891883e+00
-2.691032008561877742e+00
-2.779357788305618637e+00
-1.396338034910161063e+00
-4.193976781951544552e+00
-2.636651454193057020e+00
-4.517809679040800219e+00
2.841505131771762116e+00
-4.825728635527259058e+00
-4.401305308689109630e+00
-1.234703845973760483e+00
-3.858930287002316994e+00
-1.233907744597941392e+00
-2.693954812548230215e+00
-3.806378533107580342e+00
-4.505510698249555190e+00
-4.577673123273745759e+00
-3.784642005025483869e+00
-3.348792636689595703e+00
-4.663762486847748079e+00
-3.218464860373089653e+00
-5.188230585336015110e+00
-1.488197566807295980e+00
-1.105275201080071046e+00
-4.408650380417062919e+00
-4.520346110230440750e+00
-2.644166385980255551e+00
-4.692678139368702261e-01
-2.667267149365226686e-02
-5.805485446472534505e+00
-9.873903406969519736e-01
-3.123106675870389370e+00
-3.084379400921069880e+00
-1.990575268698878242e+00
-3.961914940832228282e+00
-8.065987357833903637e-01
-1.520754564603858938e-01
-7.743144492952636071e-02
-6.687829576530559983e+00
-3.459314537456859462e+00
-6.870461169615515118e+00
-4.530560123886683499e+00
-7.794997742259315743e+00
-2.099466730721026408e+00
-2.561380728839651510e+00
-3.865202213113531737e+00
-4.582296221100603084e+00
-2.371936751292659906e+00
-5.022844142742192375e+00
-5.158924229534653350e+00
-5.404832403869418656e+00
-3.407681861477297680e+00
-4.164615139065525717e+00
-3.768476036927340900e+00
-1.956382519962536204e+00
-1.073406790281002054e+00
-9.903843020822922227e-02
-2.879726044063415369e+00
-2.304821794874460483e+00
-2.622307285738171956e+00
-6.348371397627806445e+00
-3.739394111942173193e+00
-3.730196445481327228e+00
-4.021625651539222801e+00
-3.081878657237675956e+00
-3.438961106428657377e+00
-4.972653527850114941e+00
-3.302051907694106170e+00
-4.278100794170061505e+00
-8.238485453833785499e+00
-5.794137840620926738e+00
-2.822171348373842648e+00
-8.162173716917808797e-01
-7.854406515356529894e+00
-4.740783267507314491e+00
-2.137092332010480433e+00
-1.243609072493663925e+00
-3.840227123152035738e+00
-4.365564716842138537e+00
-5.605785002196137512e-01
-1.407814588002862743e+00
-1.282763203847969269e+00
-3.936128004981490403e+00
-7.726115246326430430e-01
-6.890137465727423027e+00
-7.375398166819731038e-01
-3.133064306883779349e+00
-2.742131617504370400e+00
-4.890505316154953874e+00
-6.628052696216300887e+00
-2.784591704416538249e+00
-1.897210900817205559e+00
-1.594615230362470326e+00
-1.810442808350827271e+00
-2.263676609893084724e+00
-4.847572872385920384e+00
-1.465047854959934170e+00
-5.071244694950657106e+00
-7.858715278697308015e-01
-3.167963737612345732e+00
-3.101418439730967425e+00
-1.268146763389796261e+00
-9.970627489317225312e-01
-1.458722642099723021e+00
-4.640915699111337389e+00
-1.474660899122895552e+00
-4.629579219940896273e+00
-1.424197196544681576e+00
-5.850326392124529207e+00
-3.187360123876729290e+00
-4.641782279011342105e+00
-1.260128695103948315e+00
-7.696664518219731299e-01
-2.602006972416134545e+00
-2.667781712124230875e+00
-1.591645755037728538e+00
-7.577702401017645251e-01
-2.925377650675677010e+00
-3.999350649895960785e+00
-1.705465027119023924e+00
-6.717454742187342731e+00
-1.180696920882348566e+00
-4.420373898883424246e+00
-3.480455732544898151e+00
-1.167897353763377888e+00
-3.831019032779381828e+00
-1.705182242850394214e+00
-7.221824918511705604e-01
-2.779933819904989001e+00
-2.377103688350576505e+00
-3.238871747887438257e+00
-2.768804005872559593e+00
-5.232809559900063689e+00
-3.587476173116150413e+00
-5.576411213965038804e+00
-4.797534449054797534e+00
-7.005898041344325478e+00
-2.472143692990226516e+00
3.832043307548267386e-01
-3.912211470281142134e+00
-1.069732818855240852e+00
-7.486143679661680927e-01
-5.398274468696540929e+00
-4.967587835381643835e+00
-1.018403823295584987e+00
-3.184682725983704721e+00
-5.581577732301185257e+00
-4.273719173857214670e+00
-2.160679510375869139e+00
-4.587873348209667412e+00
-8.549073730868787635e+00
-3.644026354415672575e+00
-3.481986387710392261e+00
-2.981547131711345333e+00
-4.822332534209405885e-01
-2.892954404201909302e+00
-2.514125291148585628e+00
-8.889260527011613178e-01
-2.979311968328476112e+00
1.273041490580204105e+00
-5.527416587958003724e+00
-4.868295426215688337e+00
-1.772083183458372790e+00
-4.913729341227224268e-01
-3.401589993737248907e+00
-5.021242341578811441e+00
5.219791704507037444e-01
-4.584737789608620773e+00
-2.321891097734042564e+00
-3.716963773044295039e-01
-3.883210446842042085e+00
-4.244255674513428112e+00
-4.107375484059327952e+00
-1.196897486850470926e+00
-8.797045895946804528e-01
-2.932549216475745180e+00
7.661645061394670719e-01
-2.936066881459744149e+00
-4.153335716636692432e-01
-3.864003208501878728e+00
1.667513067411128702e+00
1.402628311594229515e-01
-3.255949271057030803e+00
-1.309195825659945633e-01
-2.320390176559650186e-01
1.060821525852970737e-01
-7.963972671440610718e+00
-1.561297101418329225e+00
-1.915402461388517219e+00
-2.057853438113094402e+00
-2.563307133204205002e+00
-2.504377440970947166e+00
-4.337193894038384734e-01
-1.921053252613255991e+00
-2.566187112535274650e+00
-7.212379703287625787e-01
-2.163947643176259650e+00
-1.972863145293239695e+00
7.340742176224548388e-01
-3.868961425099294527e+00
-6.031420676802484948e+00
-2.855272978018405627e+00
-2.570913310086071490e+00
-1.556941941085618453e+00
-2.785368170676078226e+00
-1.489761512054882386e+00
2.009233360543138502e+00
-1.396971362245981618e+00
-1.045369397897063513e+00
-3.259062815444868200e+00
-5.770514179014604395e+00
-7.596223174259490563e+00
-4.037361164271436209e+00
-8.160743311930239940e+00
-1.972901949961451962e+00
-3.765633968849708690e+00
-5.626749732950486305e+00
-2.738251760102748733e+00
-4.477264387283607761e+00
-2.098447492698463090e+00
-1.584747340354992096e+00
-4.403668325976883402e+00
-3.474562362180652286e+00
-2.570208492323559746e+00
-5.814084427084850404e+00
-2.570384954245967801e+00
-5.862037296158790767e+00
-1.868566040894261482e+00
-3.870327325256398332e+00
-5.873085468088468986e+00
-4.159947198281648717e+00
-4.075349162386884494e+00
-8.629582332261112043e-01
-2.653390601428411877e+00
-4.912554915130264988e+00
2.981325744009732936e-01
-1.747019196978883526e+00
-3.672644737159324269e+00
-6.107668371390044371e+00
-3.849187158960387212e+00
-3.441026169315341221e+00
-2.261935337099488574e+00
-1.785486980680689229e+00
-1.386835809178529777e+00
-6.222934861677094531e+00
-2.582990357673515369e+00
-3.319231650496423658e+00
2.355954552339756702e+00
-2.870611121807258304e+00
-4.245306396922742920e+00
-2.779262286566169582e+00
-3.017136576021532068e+00
-6.978078614302030580e+00
-2.183391073164325569e+00
-3.621116181357163732e+00
-3.053382430321037511e+00
-4.747137067781116215e+00
-5.187828460424471544e+00
-1.242235331848709823e+00
-7.830866871143529195e-01
-2.163802789125529813e+00
-6.621595201119268914e+00
-2.033873281477352801e+00
-6.591873102673371676e+00
-4.322351269656530270e+00
-1.268883102485516501e+00
-1.684803036591017378e+00
-2.086065270933060489e+00
-3.741946921604326626e-01
-1.879969705184146633e+00
-7.038038450081764985e+00
-3.739061692512719581e+00
-3.083216915462121399e+00
-3.317483453538744076e+00
-4.234270350204779376e+00
-5.060312266927189384e+00
1.801489938918637179e+00
-3.777489650411563815e+00
1.703204106748905211e+00
-5.282580809512108289e+00
-1.685879862481984626e+00
-2.540717167220261086e+00
-4.843899054130121229e+00
-3.935114219641367317e+00
-3.030260138721940333e+00
-4.688233234332251698e+00
-3.512281188070852878e+00
-7.729804850781230030e+00
-1.576968019462521742e+00
-5.456966517544143969e-01
-2.091272585002681428e+00
1.528516255875559615e+00
-1.635807544800213620e+00
-7.143807224448806004e-01
-5.232743349797779331e-01
-8.502026713171268568e+00
-2.152653602500874008e+00
-5.765869900633562750e+00
-5.361806903141610903e+00
-5.013946543603829298e+00
-3.625431600034752844e+00
-1.699080078524606074e+00
-2.132020349986591512e+00
-3.025162765635195150e+00
-1.554633117588078317e+00
-1.433027356815794295e+00
-2.114751621533309311e+00
-6.449009572149572378e+00
-4.478665578713448170e+00
-2.947344332114702148e+00
-1.533094233717830823e+00
-5.657159315447973569e+00
-3.022690379550560635e+00
-6.131248912778904270e+00
-9.481640285614441055e-01
-2.515305443270551500e+00
-5.692272071911885334e+00
-5.705457075608586948e+00
-2.225136256831479642e+00
-2.504021708736692275e-01
-5.193571674898693757e+00
-1.426791782767845795e+00
-4.084475436055659436e+00
-1.353611794614226760e+00
-1.633618179269374471e+00
-2.689400317035120835e+00
-6.668782612561166445e+00
-1.637628699751773498e+00
-1.995961458006270117e+00
-2.179140493610995044e+00
-2.608651873538043287e+00
-4.757573776664216325e+00
-8.340744579617771493e-01
-1.203720558366728310e+00
-5.150845553689330281e+00
-3.714099789644969007e-01
-2.736661130729225011e+00
-2.741726093709655032e+00
-3.352710672837365458e+00
-3.155986793170111770e+00
-2.582016233804602656e-01
-9.338500308029691332e-01
-9.763058327211702192e-01
-2.630871294909243652e+00
-1.221656552931207118e+00
-4.668626148081143512e+00
-1.833114043003866378e+00
-3.306976063937934640e+00
-7.119609974816644815e+00
-6.172203317643926823e+00
-4.325957560178440353e+00
-2.169692031302579593e+00
-4.324159576667938154e+00
-4.182233474769417647e+00
-1.473478156250316307e+00
-4.110024238899374183e+00
-3.383855159311779381e-01
-6.697525203597307630e-01
-2.956237358857363162e+00
-1.493077096683342653e+00
-1.765519091287236053e+00
-3.491330551918807146e+00
-1.276730674055707393e+00
-9.821958892189459611e-01
-4.904870461580800978e+00
-2.692902723358517214e+00
-2.714992354847669098e+00
-1.300761065098590574e+00
-3.887716700898673494e+00
-4.195520665552857409e+00
-2.662000679377692691e+00
-6.372815534928539805e-01
-5.398754230819867495e+00
-5.049612306674255535e+00
-4.041009815941176697e+00
-3.685154144163104828e+00
-6.531165604875029729e+00
-3.609426169704388343e-03
-3.260613182698223866e+00
-3.560209048359942674e+00
2.452750760708344302e-01
-1.564413009752374961e+00
-4.070843754666697123e+00
-2.670784309383689159e+00
-3.083474264752957605e+00
-1.032982861414466491e-01
-3.334848403367186354e+00
-5.884119083716419674e+00
-6.754448213610591445e+00
-4.967730518662438755e-02
-4.577229395525260536e+00
-1.659576688733380045e+00
-2.856473138569896264e+00
-3.833309575756514764e+00
-3.519694834006251050e+00
1.667557630590659201e-01
-5.896126857286249745e+00
-3.772910461511851388e+00
-1.186868478632597368e+00
-5.566290016892512682e+00
-3.654343844448306733e-01
-1.215500568492749123e+00
-2.456408629735326254e+00
-4.006313808548535249e+00
-5.823132310367913789e+00
-1.585908211731858586e+00
2.497289868967774495e+00
-2.708214928166283730e+00
-6.652090821463801262e+00
-2.084967019746504668e+00
-1.279474057197609094e+00
-4.835704863791874253e+00
-4.291023852178791564e+00
-4.494756457492584012e+00
-4.062727733727378165e+00
-3.344326228556091962e+00
-4.721802216987005529e+00
-5.471675482704450033e+00
-2.651249228649965595e+00
-3.365324079727401330e+00
-3.872483540233633281e+00
-2.833620566556971365e+00
-6.040351411116888336e+00
-2.473594154006479862e+00
-3.831376400579125541e+00
-2.521021063774441018e+00
-2.200701789162064603e+00
-7.376974434276446502e-01
-2.794091166022177219e+00
-8.665623398913471220e-01
-3.643826282260180793e+00
-3.548355026728846617e+00
-3.181856345647350537e+00
-1.451750198643575906e+00
-1.738081845954173588e+00
-2.729856240276411938e+00
-5.455470683209043159e+00
-1.773881648467348304e+00
-4.722809269565941825e+00
-4.831794787599440255e+00
-5.276970179875365652e+00
-3.166337421604070723e+00
-5.765514030586245120e-01
-4.930721088760427584e+00
3.571519063481756184e-01
-1.180379555092855748e+00
-5.929204126501248950e+00
-3.765550364356642365e+00
-5.080500533981609834e+00
-1.670089084528567414e+00
-4.976326695340818063e+00
-6.242238954112359295e+00
-3.651451553474176492e+00
-6.612118526074834968e-01
-3.385032447685106582e+00
-2.203112273286636391e+00
-2.125537804905918371e+00
-6.024551185482149407e+00
-4.798748254309307626e+00
-2.987071625604805547e+00
-4.114709967310776761e+00
4.089091007883154383e-01
-5.456644790161780278e+00
-4.818520206465700895e+00
-2.418911481040508349e+00
-4.255786675566579191e+00
-8.783665197900413446e+00
8.693624588276342990e-01
-5.148610772452974160e+00
-1.878214554636388423e+00
-5.506782342448309109e+00
-4.726069814165979821e+00
-6.245866005362476159e+00
-4.482386800526160009e+00
-4.288563634897098353e+00
-3.265131354689793763e+00
-3.745137684752898544e+00
-5.883039653927656154e+00
-4.047799656687853798e+00
-1.059786664503858944e-01
-3.432189091763744315e-01
-2.088625942170619698e+00
-1.673801506519653648e+00
1.121645602270691988e+00
-1.857504680823005128e+00
-1.711620278924898431e+00
-6.129166052227084549e+00
-5.225261122476277720e+00
-3.065380634002406346e+00
-4.614884450148494466e+00
-4.995910574046343200e+00
-4.764918096464497488e+00
-5.847141284362255220e+00
-4.582768972164103616e+00
-2.321128890378202136e+00
5.926478529693697261e-01
-1.406035634572762039e+00
-1.727689029921129160e+00
-6.247066768796811331e+00
-2.761406589955965885e+00
-3.133919806594279489e+00
-2.418517806097642442e+00
-3.721374938954918221e+00
3.241534820293368035e-01
-2.894448967404354534e+00
-2.699553290126254890e+00
-6.924880449693700868e+00
-3.213351363888642176e+00
-7.014812999387309844e-01
-1.888848783717929081e+00
-7.311181879486216673e+00
-3.899350146292448471e+00
4.637989347260065287e-01
-3.301281440563049063e+00
-2.355168034577745484e+00
2.380185745746028481e-01
-3.309228283093812006e+00
-1.417940280084193594e+00
-2.177208245683277532e+00
-1.749702272979215545e+00
-2.241568686333059723e+00
-4.095259757029572789e+00
-3.895595102845339497e+00
-4.709152360736649889e+00
-6.279418237740578057e+00
-5.109401786467140383e-01
-2.979834066237580181e+00
-6.116796349510851272e-01
1.307453491692989189e-01
-2.893165038180911974e+00
-5.626978263381249512e+00
-3.392376291704932267e+00
-4.342287213526242695e+00
-6.960300918109974866e+00
-4.003457809857756899e+00
-3.143074424129026045e+00
-4.286648791529309221e+00
-4.543090173902974094e+00
-5.555071644265909825e+00
-2.608155703291445082e+00
7.385385664324819466e-01
-4.427522238977048552e-01
-1.692746224026069779e+00
-1.649181762137917895e+00
-3.265286288518249869e+00
-6.609026358574080717e+00
-3.738863378921398528e+00
-4.938555374664300501e+00
-2.690606501309352971e+00
-5.335705921224906945e-01
9.468191804969205982e-01
-2.870757937638935609e+00
-6.334312674354711348e+00
3.125352100323956606e+00
3.179712325826764552e+00
4.357687741052397534e+00
2.961608899198338474e+00
3.133036547921359549e+00
1.735878484225882312e+00
2.376196033782242534e+00
4.026464853630365326e+00
-1.016967432287001039e+00
2.365422868672350187e+00
4.375799935991820711e+00
6.281457882011067362e+00
2.203327111739526334e+00
5.370739561647575044e+00
6.380047690835886520e+00
2.229235197874643859e+00
1.883582934336360593e+00
2.635851059816146869e+00
2.836096429873808944e+00
5.181645335711039024e+00
1.452549640980808521e+00
6.076130872210939060e+00
1.398484894547563862e+00
4.711501607648731493e-01
4.047554423117357913e+00
5.461120857738412937e+00
3.357310962025825685e+00
3.870168795932547479e+00
6.908594476050623712e+00
5.489305563070601579e+00
3.061850835564998707e+00
2.137706233636124331e+00
5.190117732962772124e+00
4.658567826851773397e+00
3.837153365320165932e+00
2.345972628013023531e+00
2.847220727466333479e+00
2.704960870763887915e+00
2.379262432837410124e+00
1.797703726808034697e+00
3.530397271896603684e+00
1.707369408461312243e+00
3.354758341828935730e+00
-1.199746464438093518e+00
1.800251662798368679e+00
5.196658401388095427e+00
1.199141549071020885e+00
4.184203922086286553e+00
1.365432499933845856e+00
4.551571313586440404e+00
2.405782105602917831e+00
2.326706791269428365e+00
3.108702957094033437e+00
3.131460657566087491e-01
4.944181637512921945e+00
5.606866883031473847e+00
2.279937006010085199e+00
4.048408341803092725e+00
4.557821360424115120e+00
2.817484895336742845e+00
7.835056945642695503e-01
6.188164263903689566e+00
2.214956590142402426e+00
1.781730461572380353e+00
6.277583862667851733e+00
4.220117535112406948e+00
3.514860152116026981e+00
1.058478673194898745e+00
4.605608116426441079e+00
8.793037211039491652e+00
4.761015327757078808e+00
3.992176992585129369e+00
4.442185592972192509e+00
2.343769333662915066e+00
2.324698540813702863e+00
2.299109031527566849e+00
1.850100089226246247e+00
2.295110268447964508e+00
2.285785615502162749e+00
2.510630982331737204e+00
2.454643936839800311e+00
3.486023714019401698e+00
3.157586036415691577e+00
3.334724907023406182e+00
6.044595126688965259e+00
3.153468477433023054e+00
7.421781985601562326e+00
3.705379079645223506e+00
2.105480818234325202e+00
5.699166478093998123e+00
2.840945464583602753e+00
-1.787368303468257480e+00
2.991993716329632402e+00
2.501648324112084598e+00
6.213094772576669200e+00
1.204866629999266303e+00
2.334690363843455518e+00
5.535278752120917467e+00
3.788817065448360388e+00
2.657086350053732282e+00
1.487028667053932107e+00
3.703491453750061169e+00
2.941397713563462357e+00
1.464341469585605182e+00
1.568306917344269857e+00
1.371055771109835897e+00
1.014888772472240852e+00
4.868067519944672128e+00
4.598786717240876065e+00
4.871348912771585660e+00
3.008999097537048861e+00
2.514742424399686982e+00
2.551235780217326887e+00
5.042203145812216292e+00
-6.402956439916578368e-01
1.971027793285155205e+00
1.225308744991165266e+00
5.719775093176815872e+00
2.045084953105763326e+00
-2.719776708795484943e-01
3.446847284493579355e+00
2.259771610212172099e+00
1.886142384630076219e+00
1.679936086548344809e+00
1.601030441678386262e+00
4.417120629713290114e+00
3.447574733115687184e+00
2.604068488738941589e+00
8.035222463073274923e-01
2.662213353224158752e+00
3.521255715200052538e+00
3.597308896518980781e+00
3.321768765983537985e+00
1.154814666344943452e+00
-1.806353185184038423e+00
6.599237520103866217e+00
3.807262517829372861e-01
-9.299159173338766848e-01
3.261031226008191286e+00
-4.170370064614417061e-01
1.390402502850229371e+00
4.097700851617656070e+00
6.545374536948092015e+00
3.775023616544753491e+00
2.121681458246239771e+00
2.897160891186316256e+00
-6.171719143498051174e-01
2.098495781669699856e+00
2.100436792146111564e+00
3.306657324274360210e+00
6.884379225387541545e+00
-8.735905774644781019e-01
2.184644776851026649e+00
-6.670190879836916942e-01
1.993271813498983969e+00
1.270795717764013011e+00
1.130738499719985413e-02
4.826184061059558772e+00
3.511295407700859350e+00
4.591711259308091542e+00
1.936692350665011109e+00
2.858567048439834668e+00
6.189281282432629538e+00
2.994559609781774601e+00
4.615913098318882746e+00
1.765087394566541956e+00
4.432034686728520079e+00
1.902161280389397024e+00
-7.928447521193451308e-01
2.984834224157916438e+00
2.059393714792076224e+00
-2.495627187945244074e-01
3.382985703346347961e+00
1.212947030093356915e+00
9.185282556925365327e+00
7.111553317266494645e-02
5.741501150997208036e-01
4.739102213295581123e+00
2.733956238719822185e+00
4.698404618524436138e+00
3.760782107795801465e+00
1.835385744137635999e+00
2.418152138407361207e-01
5.142166161456064088e+00
4.230996288214008416e-01
4.117811922328321828e+00
4.837997514513697084e+00
2.746164391940078442e+00
2.391704928624394100e+00
1.032547790677959654e+00
3.925485433408603342e+00
-3.091857662163223885e+00
4.431452678113620536e+00
3.238952681951428048e+00
2.554368600560635638e+00
3.484604549327695366e+00
2.528872161357424986e-01
-1.825985376151765927e+00
3.937150139907922952e+00
5.633092344369378779e+00
-4.788039438734741360e-01
8.950398460071742335e-01
4.504649786054873317e+00
3.717779519893705142e+00
8.926216912613416099e+00
5.151314937651797266e+00
4.670848943786096719e+00
1.472422600010234950e+00
4.049611592781364955e+00
5.990827324950739552e+00
2.671218469854188982e+00
2.765570852525736090e+00
3.282707053213865578e+00
1.671002637055530204e+00
3.537927028246627970e+00
3.487944276551362854e+00
5.959972826361313203e+00
2.621215114978593608e+00
4.349457092127012814e+00
2.680869436015897556e+00
4.279518883564488618e+00
2.499883088416204657e+00
4.146945973890412418e+00
4.456471658176896611e+00
8.666877338843819167e-01
5.204750841341201806e+00
2.667045226103956779e+00
2.060406610747701261e+00
1.579983776659956263e+00
3.596400556196481801e+00
2.990756622192955572e+00
3.741614371083372248e+00
3.780441568636958571e+00
4.217169290700356399e+00
8.552568232306116514e+00
3.079383514663701860e+00
1.530853226854853588e+00
-1.039626664676467804e+00
6.093664036188273236e-01
5.470697301505820676e+00
4.439849013546214529e+00
3.000279069700124701e-01
7.928424881998441087e+00
3.653528955323016802e+00
3.920633439760678129e+00
7.488450359872161677e+00
6.478911441656425296e+00
4.562274951664321065e+00
4.658427881652510649e+00
4.845570192341733140e+00
2.518065736575968216e+00
3.573585795088394690e+00
4.148640988149425723e+00
2.746434811243176455e+00
1.069160980568893970e+00
2.467739197382664340e+00
1.024134784188158509e+00
3.128745141744461389e+00
-5.609143040130262214e-01
3.682077021015095042e+00
-2.625489911363296791e-01
2.193053880013990042e+00
4.008202148961691691e+00
4.582293423025060264e+00
4.344718417767002627e+00
3.639467828947761330e+00
7.614533695050162976e-01
4.961216709733514918e+00
8.071972709897776710e-01
5.189151640908650442e+00
4.255409514963410800e+00
5.717803029479075150e+00
3.049736968032593865e+00
1.362471785577958228e+00
4.146949516815001680e-01
6.368413308541476248e-01
-2.735494972140259939e-01
4.884005833873129809e+00
5.134833906064798725e+00
4.107399850513695938e+00
2.933918175853442722e+00
7.121918872925024679e+00
2.803703034071984845e+00
3.441833616287786946e+00
2.904296973341761401e+00
2.323383867073104625e+00
4.261948979662195214e+00
1.733006621590954088e+00
1.598844346970720087e+00
4.362938770818708178e+00
2.004783266875321601e+00
3.266964056150358786e+00
2.317343760472946101e+00
2.976897403546703735e+00
1.653421763066752259e+00
1.718822494501813125e+00
1.360535756379430916e+00
4.686660219722902809e+00
3.343769668502658998e+00
4.837101647587329190e+00
5.050773129087923863e+00
2.080171345728652810e+00
4.763169968777127394e+00
2.971758556133134554e+00
2.682652989041495850e+00
5.504734193321550784e+00
4.107536925630864033e+00
2.295151489872545358e+00
3.977586631053296351e+00
4.685746956608212166e-01
3.494625962279233722e+00
8.168982836327387531e-04
1.031200748263633837e+00
4.169279396538238203e+00
-2.340491994853620028e+00
6.605023718149510614e+00
4.668985441409201798e+00
-6.770662449794762061e-01
7.796997213386459791e+00
8.348207784972036194e+00
2.639016682020523419e+00
1.147021870599512994e+00
6.372607148405728061e+00
2.312419725119481129e+00
3.322079015625707843e+00
5.434579467845535028e+00
2.692977072413606621e+00
2.517891499366663233e+00
4.552100455895629061e-01
1.738913808523969040e+00
2.478460307487863723e+00
5.228736219306657773e-01
7.041283635812445318e-01
3.067202633287979374e+00
-6.994082913439205740e-01
1.241673968757336599e+00
6.889187987194044460e+00
2.309062705719855391e+00
2.058553183592297664e+00
2.300108330970319415e+00
2.331695237091334860e+00
4.149737739676767845e+00
4.009732306355601850e+00
2.218483173870959391e+00
2.572325153724115410e+00
5.625546235980118936e+00
-2.060950894050028737e-02
2.884835966902557391e+00
3.270493080702463473e+00
1.446634279801769507e+00
2.769726793017404987e+00
1.176647078396233059e+00
4.274338141403006830e+00
3.235866889912415445e-01
5.124667324840118887e+00
2.853389685820884925e+00
2.103932281132578463e+00
9.906058006914526537e-01
5.061315591974929973e+00
1.696275731932081587e+00
6.655028810110339421e-01
5.102926638016238137e+00
1.191388373010682900e+00
2.811035371711025910e+00
4.637607551474526524e+00
3.315915205561907886e+00
6.461703091739947169e+00
1.330099263424644684e+00
2.578977326800518277e+00
2.733643719464636135e+00
4.242469905147990161e+00
5.577246255676186593e+00
3.147233019257394293e+00
2.724672339279431199e+00
3.401626434026949752e-02
3.224762379593389738e+00
1.699399980007092914e+00
4.236872621197539601e+00
2.180631621563943856e+00
2.518723891259857517e+00
7.946397083286083074e-02
-6.229041675250774901e-01
6.721974080367222548e+00
3.259367819130551958e+00
3.808670955261217017e+00
1.175410073634493680e+00
4.751047214357225101e+00
4.390279791808721299e+00
1.395145611154380738e+00
8.809891283092263770e-01
1.534944632345454751e+00
2.943434702585776552e+00
3.334214006280451059e+00
3.076788016477301824e+00
5.597460217280407768e+00
1.570086299807883279e+00
8.266760179421606125e-01
3.000198043703640849e+00
-3.861696316618923319e-01
4.391474997021235893e+00
3.195926528952253154e+00
2.323923918180107684e+00
2.212894253501721309e+00
4.819991564242465998e+00
4.756295870677061721e+00
2.507256283173293632e+00
4.183537647115757707e+00
4.726740923680676332e+00
3.671052451249425363e+00
2.589069960742549803e+00
3.762335414981202053e+00
9.218267141412495036e-01
3.142211138587851060e+00
2.533747488747486454e+00
2.220268752413063762e+00
-4.530420237268608652e-01
9.448044971751419219e-01
2.028210351749236473e+00
4.790078361277513075e+00
3.571646980807974714e+00
4.879348496055803786e+00
5.485826764800259880e+00
3.658618290498990788e+00
3.280586821360593763e+00
1.054012006629579279e+00
6.973342529146618674e+00
1.643118565796188868e-01
3.237468176416990140e+00
4.665598007090763666e+00
4.693475155062675874e+00
6.898218191213527639e-01
2.160193994264819395e+00
1.402090455764673171e+00
-9.608684591320408863e-01
3.260653483489922788e+00
1.564769207520045669e+00
6.010964569422691639e+00
4.230348876377344247e+00
3.082803900428213506e+00
2.054600935258262151e+00
3.230232139571349581e+00
2.488252368168440309e+00
3.139078217786217095e+00
6.803271541663937327e+00
8.704876893046447073e-01
2.662716262703452852e+00
4.412776800604447658e+00
2.199718316428350917e+00
6.161083681216739549e+00
4.356918306023676912e+00
1.562219169660753026e+00
3.408137404549964611e+00
1.590782531624397755e+00
1.406683371291810758e+00
2.719604040580838156e+00
5.527522323803562898e+00
4.490890079569433091e+00
2.954844787005487916e+00
4.562372389604785639e+00
3.537237420831656820e+00
6.602139487494245174e-01
2.709724761623379496e+00
2.853680808037069028e+00
4.523380673851924882e+00
1.867058998795806612e+00
1.174670848678458945e+00
2.908906086426386040e+00
1.709150992010894488e+00
2.352981560832727581e+00
2.838240854217747078e+00
2.233911672551089467e+00
4.926365485705633596e+00
5.828590212008842641e+00
4.725821485916428699e+00
-5.423943303097269464e-01
1.716052675396331439e+00
2.642695761935609511e+00
-6.925465187001522693e-01
1.248216565701438796e+00
2.617140061534899420e+00
2.102051837741876650e+00
3.017300354617836966e+00
2.383432774460918502e-01
2.079435298566327361e+00
3.303819501453158392e+00
3.020402942849740313e+00
3.893787155295765245e+00
3.777148723995066071e+00
2.185786062491670734e+00
3.240237766150244170e+00
1.400013810609926690e+00
2.459543361945424333e+00
8.887650561005879801e-01
5.130848864552516986e+00
2.453011398938536036e+00
5.127886892456126944e+00
3.622992137376891186e+00
1.228675476687537405e+00
3.502213198003039984e+00
4.619436530175689448e+00
2.844838416794972957e+00
3.148058704682477060e+00
1.897085383289843996e+00
3.048206452954695056e+00
3.475796377604283727e+00
1.842368371762979296e+00
8.414081266406912007e-01
5.575940999166389744e+00
4.208241011969482415e+00
1.904683789257231696e+00
3.439314514316110127e+00
4.284266465402186697e-02
-9.541419478207120441e-01
5.168266174955601144e+00
3.459102280523081774e+00
2.904595061030767589e+00
3.465314409625905867e+00
9.452263317839403101e+00
4.738190572490648123e+00
9.091194672503863927e-01
-3.607527838406499043e-01
5.109071526718832246e+00
4.712191708460014006e+00
4.150121535100882220e+00
1.374241938201213653e+00
3.726570779767950370e+00
1.553309662513069345e+00
4.325563772041922661e+00
4.965313814544682458e+00
1.913054482340929674e+00
5.263620322430847764e+00
3.229704799125419523e+00
3.983746424883970683e+00
3.807332726183916272e-01
3.464429011909799350e+00
1.648831225170664050e+00
3.949266908028347345e+00
5.934325339302525038e+00
3.579040418632704945e+00
1.198290187133632667e+00
4.252932183555172330e+00
3.803577491575432568e+00
7.117203492800618037e+00
3.507935921801887069e+00
1.829050017551862917e+00
4.541282451292754985e+00
2.744643855388813058e+00
3.160501979423547603e+00
1.143047939248895695e+00
2.755130374393173209e+00
3.061609394980871812e+00
2.743302648526244170e+00
1.818225275138357411e+00
3.576458260690590585e+00
1.153055166316332425e+00
6.820107989520098890e-01
4.419072341452881858e+00
4.235500356174568992e+00
3.847910386392952020e-01
-6.591100928649251678e-01
9.825159092068629363e-01
2.743402011053604372e+00
5.308699149531012296e+00
2.694510864374959791e+00
1.461277902543937079e+00
3.297172458166121256e+00
2.771967769500839118e+00
2.379853850940043536e-01
2.498742301625775930e-01
3.036049957694131329e-01
7.959703069815873278e+00
4.719962880547226902e+00
1.812567882929275287e+00
5.216533645657863261e+00
1.863887424677070026e+00
5.150360793947458937e+00
3.160612914138908547e+00
1.682297500405405710e+00
4.359640691657939549e+00
3.275039145447369737e+00
3.796535544358651482e+00
3.431014046368217940e+00
3.410029545741855905e+00
4.601107776173489761e+00
8.167613697635335512e+00
5.497583801099116485e+00
3.439290320566090742e+00
2.378786170200853256e+00
2.598530163996016107e+00
4.877414107791007147e-01
4.329087085106432475e+00
9.701546166833150409e-01
2.255091375901473683e+00
4.340697405803998876e+00
2.525349392406948112e+00
2.015424018941494033e+00
6.050386277887138675e-01
5.410653464609621821e+00
1.333556269094241964e+00
1.828248346104101696e+00
-5.834588396677227173e-01
2.960277904384199577e+00
2.333410227276881521e+00
3.363715833936826272e+00
6.507366460848529321e-01
4.468361587070271312e+00
-6.784211056922324623e-01
2.815645000035188250e+00
3.230976566279167184e+00
3.115548013412170025e+00
3.315509742320535302e+00
4.577343368521733069e+00
5.649397409946100623e+00
2.688784143374118862e+00
1.064314729720772901e+00
4.121434564585513272e+00
2.439521230511617844e+00
5.529239423244359131e+00
1.796066771255748540e+00
1.283978222734438290e+00
3.287587501905353538e+00
-4.808355824739845019e-01
2.065142572483432915e+00
2.340318846783302931e+00
3.440944641545364391e+00
1.007455807459601838e+00
1.240999055464097056e+00
5.313827381392799865e+00
2.973077090828696090e+00
4.729274367805921031e+00
1.916425197233074362e+00
2.891098075158249348e+00
3.429068854058427096e+00
6.495109815246526530e+00
2.564763639657037686e+00
2.667462212559243095e+00
5.196306055473476349e+00
2.240377123029825057e+00
3.569258383345507379e+00
5.021918412838063617e+00
1.848316256602118957e+00
3.680924892967312623e+00
6.491101420290025459e+00
4.842636097676306761e+00
3.569866139369623159e+00
2.551357376334733473e+00
1.791363437450324003e+00
1.023628153528385543e+00
6.019247919931355995e+00
5.630942090739999628e+00
1.685771044918844996e+00
3.675373996156277911e+00
3.222652997012621867e+00
5.368830922648147208e+00
3.765602396602700797e+00
2.954362478539303449e+00
1.916628795408638952e+00
3.681735690251653814e+00
2.303634858074759428e+00
3.441369890259682762e+00
2.848057841083372121e+00
2.255016240259706262e+00
1.054518452736361578e+00
4.028390505494602536e+00
3.085140682758065633e+00
6.574841710932854966e+00
9.353103232447823601e-01
4.250596384465982425e+00
2.834707063946718453e+00
7.199516796653115946e+00
4.097943834122934170e+00
3.649377163270168811e+00
2.839795130052360506e+00
1.593757890668761057e+00
3.622785585281860676e+00
2.353947817264763209e-01
3.274318228300581168e-01
5.024876873658991272e+00
-5.242482780881303484e-01
2.360852883418325554e+00
9.017470174820827467e-01
2.195058615220673914e+00
3.369090604678692369e+00
4.969110581928345205e+00
5.435267179465442133e+00
1.162093561682355780e+00
2.068076126746471122e+00
1.110510024442391241e+01
2.499970628129275507e+00
1.235578408008190410e+00
1.568398474517122443e+00
2.511720167381338964e+00
2.214525274423081669e+00
2.531259753610260788e+00
2.957146892546871797e+00
2.943184275413671447e+00
1.089027005457612107e+00
3.738662042312261846e+00
3.242093899761368192e+00
3.993163341099852381e+00
-4.289081074503138247e-01
3.313688487382956183e+00
-9.711926318040329242e-01
2.648858211046839273e+00
4.315872585506151715e+00
5.091558303204730684e+00
3.668920128194010033e+00
4.350781470585977750e+00
2.401990075835080951e+00
1.981664460150075469e+00
8.385516325047452924e+00
4.654320623730421325e+00
6.540322970692131754e-01
-4.693278430659812983e-01
2.069861101872848774e+00
5.383737012617330286e+00
3.097478308057535656e+00
-1.448039644722570962e+00
2.645413153620184588e+00
2.995196899502897026e+00
-1.831334758930960760e+00
3.048332304100380252e+00
9.732639848173518793e-01
-6.710928215766309712e-01
6.209015160330802807e+00
8.847955984301441035e-01
1.665430529087437606e+00
1.638834227866643678e+00
3.004477501848604959e+00
6.532621214111747676e+00
6.076262595281365364e-01
2.386392971102810012e+00
3.241723758052796445e+00
1.262416505680989065e+00
2.354227190842787198e+00
4.188999613499114538e+00
1.488590026587014670e+00
2.322714982539641149e+00
2.137292146161428263e+00
2.792386637731325560e+00
3.486303429246484509e+00
4.173121536213757921e+00
6.875108603924675599e+00
-2.316952863708423571e+00
2.665217321589116395e+00
2.711278555156142467e-01
2.229259998698191136e+00
4.761734661388155487e+00
5.395585044284755938e+00
5.489429153636816494e+00
5.470585029700847812e+00
2.652129856759143589e+00
5.797060549414326580e+00
6.193699589211684398e+00
3.277600909083020486e+00
5.354473203135126980e+00
3.082474037033156478e+00
5.820465031101758058e+00
2.676673525272884380e+00
1.780959036613630975e+00
7.600171394567669658e-01
2.652741933524698670e+00
3.168776388656604937e+00
1.108294677248092386e+00
2.499783082008682378e+00
1.946901381158468114e+00
8.460489073389823034e-01
5.071769323107167438e+00
5.423807206211568754e+00
5.062865356584618226e+00
2.831688418757001280e+00
2.955234389216255142e+00
8.736532885212997535e-01
3.829265790482676124e+00
3.339263412371241468e+00
8.687894793051359699e+00
5.174204724031485902e+00
3.630489853141709133e+00
2.916781378013351134e+00
5.002613074154451667e+00
1.168522659238956152e+00
5.279275624028063163e+00
8.257129995254017807e-01
1.876952285570536949e+00
-6.763589988089186988e-01
4.228152446098183859e+00
3.499858052526378938e+00
1.877033950467952517e+00
1.141722418048362941e+00
5.757444453400134776e+00
2.732792124793659294e+00
1.465409250958848331e+00
6.843865927236048918e+00
1.685874161716575115e+00
5.277234142907571979e+00
6.980188719788529284e-01
2.290107539586054397e+00
4.004582450764773149e+00
2.884326100791949621e+00
3.487526043026105249e+00
1.922330307951990669e+00
-1.955923037991884605e-01
5.931152768729420544e+00
2.044343245251861951e+00
3.578024911064677571e+00
4.403914983264652250e+00
3.617516408622786450e+00
1.582817466123569217e+00
5.319529923903543178e+00
4.027358350049738078e+00
3.397547300690456851e+00
3.351169607171779141e+00
6.364524688514114459e+00
1.539875561493701639e+00
3.830511656735493098e+00
1.942741016799645060e+00
-8.726116126800063100e-01
-9.254690497257613835e-01
9.707272500465733422e-01
1.683113667975409067e+00
7.345899498721728094e+00
4.396776868612177758e+00
4.576686041718840414e+00
1.725842987499287773e+00
3.122654339038896332e+00
7.612305969492429547e+00
5.711646524448705797e-01
3.912477594734628195e+00
6.222591533820525989e+00
4.931886170944479453e+00
6.603079227850466637e+00
3.425730513054257464e+00
4.206906050374195516e+00
3.219548773580745760e+00
4.066691118279161188e+00
1.169587175393154155e+00
4.584696817887364162e+00
3.588496625534112638e+00
3.125318732509094755e+00
6.492783275631708761e+00
2.469229201790450912e+00
5.415644069240865832e+00
5.614557194199512047e+00
4.711088769170926227e+00
1.069800658526841364e+00
3.718156594686310434e+00
6.916948602263000012e+00
-6.371070693734073309e-01
2.624683011407598077e+00
5.324617039336398960e+00
2.769358800424724265e+00
4.619775633947745597e+00
5.818382057198245860e+00
3.464012566297605122e+00
4.017981041711081502e+00
3.183741867160401640e+00
3.595611763940633310e+00
7.205204869792541267e+00
2.872103014638704988e+00
2.293691924108838265e+00
5.083508458039524669e+00
1.314155335516413947e+00
1.770557085469518732e+00
1.783309412094755242e+00
2.488250955083919358e+00
2.575601070259883052e+00
4.398199179331014008e+00
2.315276729482645734e+00
4.478926938470373820e+00
4.728361409683564887e+00
1.692977601333919058e+00
4.685412037396901930e+00
4.866836965916576219e+00
-5.218728732617172739e-01
3.586961905747933610e+00
1.987183783398173142e+00
5.606129960664885559e+00
1.966787629452874553e+00
3.210336893786602808e-01
2.940366366662344522e+00
1.206055391801764243e+00
4.699170529075776592e+00
1.382775002236425355e+00
2.964987101623445920e+00
6.091620854328327894e+00
5.197057244428272327e+00
3.955678406577898265e+00
2.744844574895450862e+00
3.765792912422176730e+00
4.377967905450107722e+00
1.026795273569022671e+00
4.702674487847678719e+00
7.966118948858382787e-01
4.144903870024553072e+00
7.862191909007179014e-01
6.925592486741228626e+00
4.526683249874077219e+00
-1.120505575719086266e-01
2.998146747539694346e+00
1.957155911830728456e+00
1.720546140437271720e+00
3.294207052936836355e+00
1.144012500663003307e+00
4.522931529968872155e+00
4.409308173998684133e+00
3.702849549883970859e+00
2.960990942918270363e+00
4.319636571889963861e+00
4.582771012155967938e+00
3.909835473483362467e+00
3.762519536395245723e-01
1.423227772261986601e+00
2.463878157015775283e+00
4.841820430060517211e-02
3.448006266663059982e+00
5.822010414647233567e+00
5.503380733519184886e+00
4.479252288009750060e+00
4.455423867743109945e+00
7.430591061926762109e+00
4.687727664356724055e+00
4.851271373576693691e+00
1.221706113276908034e-01
5.665637588712535866e+00
3.796994700611124873e+00
2.840431309134645144e+00
2.344723751863522221e+00
1.902809126661510142e+00
5.513553756721790933e+00
2.943282141485251913e+00
1.976642882259504130e+00
1.456906390539770557e+00
3.341197588925713724e+00
2.280780591564434356e+00
1.824488895000690114e+00
2.356880614490597381e-01
4.918714719008995040e+00
2.723953449100467328e+00
8.295226859519591045e-01
2.457527717334233586e+00
4.098264111931234410e+00
3.057681743206623892e+00
3.381987495541219246e+00
3.085096515980618737e+00
4.462884471178378831e-01
4.897017086527061025e+00
-4.164923207638651093e-01
3.923073149222884304e+00
4.231141842990889579e+00
2.560312592441635005e+00
3.706845047611113664e+00
2.445729061519558378e+00
3.730990406182229435e+00
4.985845087037809265e+00
1.415747147229327263e+00
4.347929717904605695e+00
6.384796004776222667e+00
3.529130525068721269e+00
1.993791551157175768e+00
7.526465678171071261e+00
3.177412478089514547e+00
3.463059807605755047e+00
3.504748419067213128e+00
3.895726655198561872e+00
2.322250109102029114e+00
3.379981721408342299e+00
4.904367486873539406e+00
2.253197957530488349e+00
2.160012045746608766e+00
2.415831049062696856e+00
8.044543640316348387e-01
1.634321076296864295e+00
1.552840152719809019e+00
2.998954952663943629e+00
4.672291311411534309e+00
5.907428193758944346e+00
3.114377234383729487e+00
3.912939502857415874e+00
3.486787611815390875e+00
-1.186877910413317139e+00
7.042181762794519351e-01
4.522528582329479185e+00
4.716970343839157920e+00
4.671216050239940465e+00
2.644376031073222499e+00
-9.896689212019493809e-01
9.429500286416554466e-01
1.248984308705676227e+00
4.257537158181423642e+00
2.285257807166808153e+00
6.380801016260836178e+00
5.935276675721516071e+00
6.347396892441725669e+00
1.166974012713556164e+00
3.981782424283142774e+00
2.044951822124260854e+00
3.655743636466580959e+00
1.388772514512079947e+00
5.452312735102911034e+00
1.426136899592228557e+00
