9.934283060224653461e-01
-2.765286023423693118e-01
1.295377076201384980e+00
3.046059712816050702e+00
-4.683067494466719438e-01
-4.682739138983610938e-01
3.158425631014782908e+00
1.534869458305817558e+00
-9.389487718699042196e-01
1.085120087171929315e+00
-9.268353856249245126e-01
-9.314595071405137316e-01
4.839245431320682300e-01
-3.826560489315595781e+00
-3.449835665026065534e+00
-1.124575058481945389e+00
-2.025662240668847591e+00
6.284946651905477522e-01
-1.816048151042421788e+00
-2.824607402670582967e+00
2.931297537843108092e+00
-4.515526009730713164e-01
1.350564093758476747e-01
-2.849496372426913560e+00
-1.088765449050365319e+00
2.218451794197321691e-01
-2.301987154844605588e+00
7.513960366913439159e-01
-1.201277379837609960e+00
-5.833874995865535595e-01
-1.203413224458793840e+00
3.704556369017875550e+00
-2.699444947586784188e-02
-2.115421857911800707e+00
1.645089824206378060e+00
-2.441687299942044476e+00
4.177271900095108070e-01
-3.919340247759551144e+00
-2.656372097796861009e+00
3.937224717382470374e-01
1.476933159990820865e+00
3.427365623799409899e-01
-2.312965647764810562e-01
-6.022073911785775779e-01
-2.957043980734854749e+00
-1.439688416789417280e+00
-9.212775419195750048e-01
2.114244452437831434e+00
6.872365791369228205e-01
-3.526080310725467903e+00
6.481679387895900035e-01
-7.701645608326330716e-01
-1.353844000611917453e+00
1.223352577681735776e+00
2.061999044991901897e+00
1.862560238232397136e+00
-1.678435046445277079e+00
-6.184247517024291652e-01
6.625268628071279142e-01
1.951090254244718381e+00
-9.583484756905799040e-01
-3.713179533276342315e-01
-2.212669948012056409e+00
-2.392413248161341599e+00
1.625051644788396032e+00
2.712480057141645862e+00
-1.440202431606676936e-01
2.007065795784048312e+00
7.232720500952682929e-01
-1.290239509210248547e+00
7.227912110168278614e-01
3.076073132931938403e+00
-7.165207821990307591e-02
3.129287311628012436e+00
-5.239490208179488739e+00
1.643805008750447660e+00
1.740941364763424204e-01
-5.980147009317348106e-01
1.835215530710045950e-01
-3.975137829201785600e+00
-4.393437756750238621e-01
7.142251430234928256e-01
2.955788089483032177e+00
-1.036540436547294775e+00
-1.616987205786375226e+00
-1.003514087169073088e+00
1.830804235404148272e+00
6.575022193193689191e-01
-1.059520407534077613e+00
1.026534866226712195e+00
1.941550986960807745e-01
1.937289981065778433e+00
-1.404106187754704749e+00
-6.553242931955364226e-01
-7.842163062643152660e-01
-2.927029896264237152e+00
5.922405541291521081e-01
5.221105443597786611e-01
1.022691328492177955e-02
-4.691742667502938335e-01
-2.830741484100828487e+00
-8.412906455307180842e-01
-6.854290330535389719e-01
-1.604554538443237810e+00
-3.225714233320182700e-01
8.081017136290767899e-01
3.772371802421060405e+00
3.491556256636779154e-01
5.151007814455287326e-01
-1.488918315323344288e-01
-3.837542430598082976e+00
-5.302775089843375644e-02
1.204604198820528743e-01
4.926484224970572257e+00
-3.847219295622450463e-01
6.030946846672249340e-01
-6.942353941048662325e-02
-2.337356075239064079e+00
2.285645629030041093e+00
1.503866065373548278e+00
1.582063894086093825e+00
-1.818774909589477851e+00
2.805588621872198374e+00
-2.803702125584561777e+00
1.173714187600540582e+00
4.380911251619957092e+00
-1.981072650261376689e+00
-1.132595459205543831e+00
1.993027301752824387e-01
-1.006951308232398423e+00
-3.101326862132265383e+00
1.371259496120546539e-01
-2.124607427452209762e+00
9.471848612703631654e-01
-1.838848468467606301e+00
3.099868810035078859e+00
-1.566506584672474167e+00
-6.441230324113511596e-01
1.627034434739339508e+00
-2.461728632867910438e+00
4.549198692082588313e-01
2.614285508564856197e+00
-3.214966469122455095e+00
3.692677170646084250e-01
5.197655884968470641e-01
1.563645743554620715e+00
-2.473901421756163899e+00
-2.640913226168552619e+00
1.043883131233795281e+00
5.939693464663721167e-01
5.009857006917530775e-01
6.928964189939513796e-01
-1.360049443156981619e+00
4.645073943220071055e-01
5.861449465973624928e-01
-1.428702836052735625e+00
3.731549022289513129e+00
9.476658418235750503e-01
-2.382606994405297218e+00
1.313107217267659443e+00
-1.949363340454642879e+00
1.574169207484904076e+00
2.317191158014808128e+00
-1.641364636703420921e+00
1.926752258488643621e+00
8.255618538729966316e-01
1.644120319988980006e+00
3.793585965307894714e+00
-4.907762320057409977e-01
-1.507472328714979160e+00
-1.779028859251046590e+00
-1.631620569930876563e+00
-1.542034188282083995e-01
6.823039496332877762e-01
5.533815986600381098e-01
1.654366498072047609e+00
2.600378375581403889e-02
2.907068154314633723e+00
-5.293136664759121590e-01
5.440338333179237651e+00
1.251334695530012420e+00
-1.714315112832565102e+00
-2.141784996122224616e+00
9.649448304863705861e-01
-4.469255706517017979e-01
1.428000988184183973e+00
9.464752491470896922e-01
-1.456578253137455481e-01
-1.693587436136809954e+00
-3.029694449371729270e+00
-8.930299041340421518e-01
1.712797588646944646e+00
4.281874882604079224e-01
-2.491477557423976030e+00
3.463618517023639987e-01
7.706347594576735682e-01
-1.767714872402265991e+00
3.074502118910558135e-01
1.164174368919997926e-01
-2.285940595661246189e+00
7.155747206965665796e-01
1.121569052736468786e+00
2.166102486350554024e+00
2.107604104069805917e+00
-2.755338735914182102e+00
-1.875650079830245565e+00
1.030070534417319550e+00
1.027571901824417600e+00
1.030095372612095828e+00
7.705462981309442405e+00
1.141781021386333972e+00
2.271131280361197824e+00
1.908003526986404630e+00
1.302782502611596005e+00
-6.305384892806912278e-01
1.517938440986534854e+00
-1.545650429075143606e+00
-4.736372134800177491e-01
-9.707270956582069177e-01
1.637482787726451117e-01
4.629317133347017332e+00
-3.734530385183496115e+00
1.372520380749026936e+00
-3.225431742379303302e+00
-9.438637315788669380e-01
2.177901193934732138e+00
1.285600381909255407e-01
-2.155489555858612238e+00
-1.430607418519936447e+00
1.359195497869351676e+00
-1.460733263434273344e+00
4.329171791639497280e-01
9.114367980762756727e-02
-1.303200695211634175e+00
4.287888178650651305e+00
1.267838044636022454e+00
-4.050285173315214315e+00
3.729086295388552852e-01
-1.323572929536775966e+00
1.704866669592447925e+00
-1.585041476865401311e+00
-2.294728829337980280e-01
1.009974557960914288e+00
1.731510388340242956e+00
-2.400592814111552453e+00
-6.690024716818967487e-01
-9.498906223219123479e-01
-1.306658465147423787e+00
3.530908480562193752e+00
8.099634219219110642e-01
-2.521767908670090375e+00
1.835723894109552168e+00
4.244312394025266499e+00
2.064930521102293692e+00
-3.038739931908026826e+00
-9.684681457325027276e-01
2.533822298373245463e+00
-1.415338931237561493e+00
8.876388562924568681e-01
1.549268106858673555e+00
-1.853860943156165897e+00
-1.190507121236001609e-01
-6.482534680138145156e+00
-2.048775282668579667e+00
-5.051363027863206012e-01
-2.495566363929698994e+00
3.264822607863270498e+00
-2.860282755921265352e+00
-8.800889733939675219e-01
2.614811545721826835e-01
2.882546578132231030e+00
-2.871724302358878766e+00
2.326327504309919192e+00
2.046612203917409778e-02
-1.963017302095901861e+00
9.242069485265415052e-01
3.981193911469400604e-01
-1.200433754317589363e+00
1.396041699800378288e-01
-7.706271937235203984e-01
2.270346905024960837e-01
1.324261349042093361e+00
3.172033632290704119e+00
-2.475630997653698095e+00
4.266066749312533268e+00
-3.904175599045003775e+00
-3.035701900711666457e-01
1.176634412969153054e+00
5.619837354700653043e-01
-1.245399039641187589e+00
-4.162445007145504361e-01
-9.860018693176656468e-01
-1.178729513888423064e+00
1.699204194042049254e+00
7.140309719300946822e-01
-1.385819190521308419e+00
1.799199750866501413e+00
6.145990417532186667e-01
1.625724237677920181e+00
1.259257683847224474e+00
-1.657990021844144568e+00
-1.120362080393939141e+00
1.494587210246523634e+00
1.220740530866929685e+00
-4.180318792829626484e-02
2.346547666175639868e-01
2.555329791576849807e+00
-1.183142777671659873e+00
1.094194762340075844e+00
-4.043853048677881201e-01
-4.353624064544405758e-01
2.197553703974380213e+00
1.650832697976059693e+00
1.627019272001277050e+00
2.610957614308658137e+00
4.200768326551809762e-02
1.363905942589927811e+00
-6.205335131869120779e-01
6.483327049768842221e-01
-2.602861087353691705e-01
1.939919299854363788e-01
1.190314050873827245e+00
-1.636441366466945047e+00
4.184774551370920470e+00
-2.012034762999403981e+00
-2.428377225575464315e+00
2.316221747000135611e+00
1.583325387925871741e+00
1.248239634104310269e+00
1.256691018528559800e+00
-2.449354569382924604e-02
-1.794508742971663073e+00
1.516091163874526693e-01
-1.354323423024223372e+00
1.950239466835502311e+00
-2.941147630042773020e-01
-1.650994393585023090e+00
-6.427716833059868851e-01
8.258629085512486645e-01
-1.127449105607949420e+00
-1.644440791132862900e+00
4.873744229838246067e-01
4.899331422174455497e-01
-1.013886350742259523e+00
-9.420766112366455447e-01
4.640998747152725867e-01
-2.896168682994648247e+00
-2.814927548753110464e+00
-1.436888442504872021e+00
-4.268943034236944989e-01
6.218151311960091743e-01
2.950712433899103981e+00
1.715319246404038767e+00
-3.198770599268542236e-01
-3.803241580537766037e-02
-2.005058729275617679e+00
-3.702627198477986131e-02
-5.773172778402766436e-01
6.454371206761789770e-01
-1.654461887104645923e+00
1.038693028482344571e+00
3.065477826005155393e+00
-2.175202969137151887e-01
8.034234441978829189e-01
1.380287983422225029e+00
-8.024409437716725213e-01
4.481849636208335430e-01
2.518480156358971975e-02
1.953521970976634381e-01
-1.546019567710932963e+00
4.902034851788542730e-02
9.959965824908995069e-01
2.902287215590083402e+00
1.918541652170413725e+00
4.306364915023112694e+00
-1.534695125776099012e+00
1.744641273441356333e+00
3.666840114767034864e-01
4.379605866435344552e+00
-1.616596570710302938e+00
-1.679443684361552114e+00
-1.198785290888044308e+00
-4.247791448619613774e+00
-1.051510043361522095e+00
-1.518265323107395925e+00
3.007875729524152608e-01
6.835119515543188751e-01
3.752341678431772465e+00
1.900847676372100503e+00
-1.153807311324806184e+00
-1.796829342696715903e+00
9.838383430130114293e-01
-2.640466414041284349e+00
3.662917531708707486e+00
2.358880241442574022e+00
-9.383513042094095979e-01
-3.426269058181754978e+00
2.707744748330825679e+00
-2.290796905052357724e-01
2.475632623946923516e+00
-3.188855317588734195e+00
-1.198750045907545747e+00
1.048739943636633164e-02
9.396118752948411090e-02
-9.001309429584872790e-01
1.245699864694997494e+00
-2.135240858765188765e+00
-2.847589700425869896e-01
2.405912634237977188e-01
1.028877668117498034e+00
1.423229756177779581e+00
-2.249284183675738458e+00
-3.068228341471244569e+00
2.555353643797018126e+00
6.646280239591833006e-01
-1.496973073113107233e+00
3.102303951045045860e+00
2.313492685857173325e-01
2.358594368127652885e+00
1.350369628202179040e-01
4.121495849763974206e+00
3.510681684886408860e+00
-4.979282969581469986e-01
1.943141901908710834e+00
1.290751899170295092e+00
2.737263115064697327e+00
-1.929846921160208950e+00
1.372102919996878612e+00
2.116848973699175573e+00
-3.517478972846228569e+00
-2.366517025331550172e+00
-4.078464355520201146e+00
-5.388136688891155268e-01
1.435084511591924628e+00
3.004714104192056201e+00
1.481895608395503716e-01
3.257231091142583690e+00
-2.760202916429782771e+00
-3.406764878710309308e+00
-1.110953977932375575e-01
7.681308978786145492e-01
-6.538949618818622189e-02
-4.134884200079753214e+00
-1.782400790255768142e-01
-2.608939001009706438e+00
1.339345097660076922e+00
7.331964921936965363e-01
-1.879759572654710498e+00
-1.027733834673387081e+00
-2.118427043777903140e+00
-1.253581945463437541e-01
1.910284641002476524e+00
-1.971452092671087453e+00
1.008093031035688814e+00
-1.060515236744881573e+00
-1.585745664524688348e+00
-2.140607199091156543e-01
-2.070484644838748167e+00
-1.107298610694364083e+00
-2.395755785177696939e+00
3.929450265832778566e+00
7.052710394345722278e-02
-1.399451015985171187e+00
4.279598214684440238e-01
-2.246560993816596463e-01
-4.419391990664459646e-01
1.228333400086850435e+00
1.515015420094610210e+00
-1.061002295221054936e+00
-1.151636481289360026e+00
-5.501033943032880291e-01
-4.603842329471169670e+00
-3.030382124397104526e+00
2.733748534889049342e+00
3.289935427002567359e+00
-4.980720791127566383e-01
1.153113926111532850e+00
6.225003090870722122e-01
6.157761616910475411e+00
2.239149822869153539e+00
-2.558351829615330697e-01
-1.911080881200851511e+00
-3.212892640515145004e+00
4.069272717344462054e-01
-1.512701490568606699e+00
-2.844507419195348330e+00
-1.293145768485053138e+00
-2.163096007228789919e+00
3.374283270145129521e+00
1.763279513898901030e+00
-1.594528263323474401e-02
2.959888277780051702e+00
1.547366152952366070e-01
-1.722568402656527331e+00
3.046248154539314523e+00
1.077820087369317337e+00
-2.074492308652912786e+00
-3.806773561672163741e-01
-1.751236506769514367e+00
-2.765599461928672120e+00
1.852355095063282775e+00
3.818833280940260977e+00
-2.797135147638282415e+00
1.125938473381141725e+00
-1.301285138243653883e+00
-9.742507675293921032e-01
-1.184787848477738326e+00
-1.727981539359632057e+00
9.704325588965398430e-02
-1.661900232822075552e+00
5.409136515596776329e-01
-1.004762188982739057e-01
-4.778960937328194936e-01
-1.815127324083195770e+00
-1.153542661136665481e+00
1.510782451651512037e+00
1.001834375248761511e+00
-1.955110489597102097e+00
1.986646108584517456e-01
1.502774246743578068e+00
-3.338810562242743529e+00
1.086720384759870095e+00
-1.325247517891693372e+00
1.141197337186318661e+00
-1.526518313085033718e+00
-3.609764201329038080e+00
-3.255084875766325325e+00
9.616989332276398850e-02
5.194450034429637375e-01
-1.808633250208817156e+00
1.277184917554747834e+00
-3.323040124537919748e+00
-1.321595972946331410e-01
-2.422032399524913338e+00
-1.303672215604318341e+00
9.479734263282803275e-02
-1.720826730567904805e+00
-7.691110884596507047e-01
2.012585618428881062e+00
-1.153783739046297496e+00
1.671384224130283647e+00
-2.259413709315236218e+00
1.059608355830565563e+00
2.883137241315800736e+00
-4.943289000254578625e+00
-1.593790510940953586e+00
1.154144254361080035e+00
-4.060907720859853742e-01
7.422917467426176641e-01
-1.207970373431641153e+00
1.731795749457998301e-01
-3.113544707841589543e-01
2.335564123319614716e+00
5.088416866024262353e-01
6.752053241504043513e-01
-8.237539322449347612e-01
-9.752124481449870874e-01
-8.651163756392418192e-01
7.889042847565936878e-01
-8.419689616405259258e-01
5.795497137928258269e-01
4.150801597290877609e+00
1.742249406863384698e+00
-6.520470643356822693e-01
2.402427844327889694e+00
-8.161507460431027816e-01
-4.076249070355707715e+00
-2.016172621834808165e+00
-3.741583842051711351e+00
-7.030269680826173317e-01
3.683675837910339868e-02
3.352874624550565397e+00
6.538547475283252863e-01
-4.382010576177284844e-01
1.658811162366978342e+00
-4.422270618015770260e+00
4.712291162171318715e-01
1.541730387773933675e+00
-2.957172491559683092e+00
2.287508086413858166e+00
6.769928149888282398e-01
-8.305758278016025509e-01
1.265563732212569681e+00
4.541385715608791784e+00
3.637325101169903152e-01
4.964411726006721648e-01
-9.187217990804882328e-01
-1.699688738929583609e+00
1.660671633088491195e+00
-1.712167651817734448e+00
1.431324744387849346e-01
-9.553148935302333555e-01
9.579596514927837259e-01
6.673242105738965702e-01
2.075079888515798388e+00
-1.020032797709494066e+00
-5.397498705867425084e-01
-1.957527431564614728e+00
-8.885865201522231693e-01
7.546009860897043842e-01
1.513977233290703772e+00
-1.844330648355250846e+00
1.739211840211320359e+00
2.711275717609901825e+00
8.268698064474017118e-01
3.753591625116131869e+00
-1.547578398207146044e+00
-2.489309406622834064e+00
-3.557440497808557200e+00
2.992088622978366086e+00
1.308731312708115491e+00
-1.111693418209101364e-01
5.599372526396405592e-01
-2.250978094596753021e+00
4.891503959233652665e+00
2.584423639504550008e-01
2.187895892097857786e-01
1.451533247797383908e+00
9.620184634734264550e-01
4.477680485582627434e-01
-1.580948910890623837e+00
9.429367142719914385e-01
3.764048992950067341e+00
2.690840092309955356e+00
3.186373253278794060e+00
-1.022431352862370302e+00
-1.979209640517161750e+00
-2.515738401992962947e-01
1.114498245773892088e-01
2.188383036941897064e+00
-3.384929259429638737e+00
3.059100638921227411e+00
-3.160157971579788394e-01
-8.537621398948400664e-01
-2.024208750520334998e+00
-3.309713343731538693e+00
1.646341167923829119e+00
1.466359343768077750e-01
-2.579921799482107758e+00
-2.590157544127232203e+00
-6.715693985802564381e-01
3.338043050578785920e+00
-5.191827027272095663e-01
-3.006285906236212391e+00
-4.914861281718886366e-01
-5.454471394953409602e-01
-5.393773285883143309e+00
-1.085897330356244139e-01
-4.618690604173559255e-01
1.392412729626836709e+00
3.697912189890690371e+00
2.253130059095514781e+00
-5.377773811096611123e-01
-2.213051817483340677e+00
5.146719606499720712e+00
1.184368680289765163e-01
2.785858382589240581e-02
-4.825017422000655448e-02
3.961695215357098898e-01
-2.887208238478849442e-01
-1.147324013760472550e+00
-1.093717882480784276e+00
-6.550654043199677368e-02
-1.086849542267529944e+00
-1.425691565354328727e+00
2.128604553837936675e-01
-5.099544348417105466e-01
3.007985977165377189e+00
-5.301939616786023990e+00
2.183013703844923548e+00
2.492170384995258114e+00
-4.146780464816298917e+00
-6.853751881606975349e-01
-7.428817319915829165e-01
-2.815023389435642454e+00
-1.555633375181750599e+00
-2.221151690931657541e+00
3.504540886847245407e+00
1.871356786294922303e+00
2.543110189988317504e+00
1.443344128086470279e+00
-2.258103542434458433e+00
-1.049040532559547323e+00
9.787491224558361180e-01
-2.444255617783890777e+00
1.425996860344776129e+00
-4.806507963162700570e-01
-7.496416150991950245e-01
1.421919936406982998e+00
8.885266229720795161e-01
-7.219323316381598410e-01
2.318659606728496136e+00
-2.162126655199794634e+00
1.231871213888527494e+00
1.186202515936767510e+00
-6.190928786279805696e-01
6.522660444842359739e-01
-2.502227152770605922e+00
1.848054038413802003e+00
-3.698042728859780581e-01
-1.045446041038079033e+00
2.098018451673778539e+00
-1.408687381085518497e+00
-2.816922592727119312e+00
-3.113258347047807462e+00
1.212019902691279238e+00
-2.560858704992566182e+00
3.509588363968729308e+00
-4.163858815767444099e+00
3.392912736580076416e+00
4.220349344052368168e-01
-1.934262237407847751e-01
-1.089838173617899475e+00
7.982722287041417175e-01
-7.526940484969672773e-02
2.206603764033042925e+00
2.284552973240792928e-01
3.006035229237551953e-01
-7.272244244277117353e-01
-1.138912474421349130e-01
6.156035377841183598e-01
-3.420336785313251138e+00
-2.696370844211426032e+00
1.486528188045429966e+00
3.417308762558837198e-01
-3.679666727053582664e-01
3.686786613078631841e-02
6.951634107233420901e-01
-1.079519360618723001e+00
-1.556609450804625316e+00
3.916905101953631063e-01
-1.956745555230064104e+00
8.165055114289436755e-01
-3.405167208475680773e+00
2.058311274651287270e+00
9.451949648260860037e-01
5.120594686277513130e-01
1.965381967891027815e+00
3.330948888925153284e+00
2.028740130036260858e+00
-3.681748462663290589e+00
-2.559153933471403075e+00
-1.249637155391357668e+00
5.218210042166757101e-02
1.035318040938246087e+00
-1.451487626306931178e+00
3.735335289541566461e-01
-1.510765864706645090e+00
-1.223035605983896490e+00
-2.813322193696444540e+00
-1.846466492221808586e+00
-2.703369211232667269e+00
-1.951746505954665478e+00
2.107283593215679041e+00
-1.898797777663886022e+00
5.264764129674781579e+00
9.866358017617784526e-01
3.696722473897477990e-01
-1.716715560362427118e+00
1.400619758817982730e+00
-1.151275652475547862e+00
2.440196292907228781e-01
5.120169076537589348e+00
-1.921197994492997441e-01
2.298546652571351601e+00
-1.406352850251774811e+00
-6.997698099392339610e-02
3.541601271271019868e+00
-1.253934115575534802e+00
3.624897115993857444e+00
1.415503870910950868e+00
-1.124933551788535269e+00
1.264815478111041891e+00
1.945108899253459755e+00
1.243619924434392843e+00
-3.140449439780912844e+00
-1.454274351649737174e+00
-4.950372711030094908e-01
-1.488668582000925722e-01
1.241344195101355963e+00
3.554020018665076663e-01
-2.670688717420202529e+00
7.603957020119264110e-01
1.221171490567646289e+00
1.119580895862079650e+00
2.161561451109243581e+00
1.667844309097808120e+00
9.183601584568733545e-01
-1.403314229172940575e-01
-3.321921867031982778e+00
8.592364382651717092e-01
4.153753743262222908e-01
5.431576743907469140e-01
-2.553497151640618856e+00
-2.162113080816524757e+00
2.106305706665807076e+00
-7.911030771331008238e-02
1.363001394745248840e+00
5.663675226092234477e-02
5.951227899149037770e-02
1.876567611951995396e+00
-1.032089456434747810e+00
1.922415538819667313e-01
-9.245505774100849505e-01
-8.689924548646311697e-01
-6.183442469372787409e-01
4.442675432674256797e-01
-9.574972433269546279e-01
2.511512251147041574e+00
-1.789214604439007816e+00
-3.737432883227180813e-01
-8.794621165483498260e-01
2.893955768707465737e+00
3.931095530231492607e-01
2.063689078937269716e+00
-2.971120746073943941e+00
5.341005317385176809e-01
1.779261591246874108e+00
1.645679785508483706e-01
2.130960750130702408e+00
-1.034576900200744332e+00
2.818694880371159783e+00
4.597796247238500555e+00
-7.256771208793181271e-01
-8.910050428015435786e-01
2.906768954235401825e+00
3.159144291461424725e+00
-1.045720054306536584e+00
-8.403736341917145136e-01
-5.635692177210144260e-01
-2.688901022068554081e+00
-1.837303892968396468e+00
-2.008281533504135741e+00
-1.535595130208256887e+00
-6.936977477356236210e-02
4.684294650730415066e-01
3.101000985628153739e+00
-1.996708081477581942e+00
1.968644796953167520e+00
-4.279776884510179125e-01
-9.892741930486589896e-02
1.349638984333207503e+00
-2.245444043124597222e+00
7.648194923681012058e-01
3.329044164261121819e-01
9.849025280162981844e-01
5.783372878156362029e-01
4.910600279821788483e+00
-1.275479968502631900e+00
-1.061993910003635300e+00
-1.246281052849528725e+00
-1.110954238320509324e+00
-1.274774254613035396e+00
2.378033062215103577e+00
2.841008495979709725e+00
-1.141492587498952549e+00
-1.664711146208457393e+00
9.428311127728081775e-01
-1.104446088561942485e+00
1.265863635511021545e+00
4.058460417025994138e-01
-3.031488229994463879e+00
3.095010402660123283e+00
3.591755346191043419e+00
-1.225577380968772445e+00
-7.754031198719683049e-01
5.717307814498099328e-01
6.689135799740499877e-01
1.317088545345660888e+00
4.020409077532699271e+00
-3.538944549880987944e-01
-1.596594489076907486e+00
-2.758638456029054442e+00
-1.461860079883838148e+00
-6.625394574759418953e-02
3.589115727035575354e+00
-1.035222598072342848e+00
4.475759032777970048e-01
-3.284579214550414905e-02
2.376786546896167973e+00
5.053864851747243314e+00
-1.061737545840641284e+00
-9.788788850364442684e-01
2.088321754138144026e+00
1.363782979252622818e+00
3.693414651472067156e+00
1.167856370651927822e+00
-7.185841815741190741e-01
1.181309661384618570e+00
2.217407161165815488e+00
1.640964362394728093e+00
1.014548062214595481e+00
2.133349379178307803e+00
2.338591180891345545e+00
2.764317982075054303e+00
1.297419775179285306e+00
-3.342361606337087010e-01
2.934273728666456638e-01
2.413017933016713634e+00
-1.633871341974472147e+00
7.373466177458023463e-01
-7.866776246547213525e-01
5.748964586963497408e-02
2.556903725214597412e+00
3.821981360398066796e-01
9.287309631229762052e-02
-2.719712281959838496e+00
1.492507132054441410e+00
1.290968362282150839e+00
4.326509446610920406e+00
-6.155564699060016576e-01
4.383006553278779305e-01
4.987673674215105102e-01
3.154906559526948762e+00
-1.905910647739041952e-01
5.580430515406784586e-01
1.215793019433078381e+00
3.732182463127162175e-01
-8.928672291010565365e-01
3.881799857966151679e-01
2.147263499719544111e+00
-2.053030598822120467e+00
2.659393482937519870e-01
-1.400241629878346439e+00
2.390093257849684960e+00
-3.046373809567549440e+00
-1.117843694543176669e+00
7.544237501290417258e-01
3.131048058468680839e+00
-1.315005221459756013e-01
-1.110399053386396773e+00
3.762314138881180270e+00
-2.896027800832488008e+00
-4.397611913240163872e+00
8.800289001066647909e-01
-1.004108448705222312e+00
-2.042465634261426466e+00
1.416712894598706640e+00
4.876014275423976585e-01
-1.128157261473456741e+00
-2.560608797341788812e+00
1.744914656560289323e+00
1.300402355917321895e+00
-1.983517275587658169e-01
3.693273992095331693e+00
-2.140169532652305140e+00
-3.051050341849477654e+00
-1.383816139762488850e+00
-9.117203271099560968e-02
4.866788986453836618e-01
-4.824721157126597437e-01
7.041107930285935845e-01
-2.503078848380888122e+00
2.887529208146518922e+00
-1.643023567851376043e-01
2.234591663176255238e+00
6.854506927554082640e-01
9.135064383075678363e-01
1.139534560464407820e+00
8.954171200346299209e-01
1.285445519735087805e+00
2.658305060264862796e+00
3.930423394029402551e-01
1.418007515177024613e+00
-1.794713885744534387e-01
2.880234430898945597e+00
-1.352784604118539402e+00
3.601880865821631250e+00
-8.031590128868681955e-02
-2.861550204236096295e+00
2.562088298215785542e-01
-1.362103314949761668e+00
1.681287097977448131e+00
-1.305247958604781822e+00
-8.923668664295594244e-01
-3.779081461891061977e+00
-9.046126384981534319e-01
-4.847758653257913330e+00
-3.167805646971446620e+00
1.520829312288594748e+00
1.571600317301664385e+00
8.509151235699294880e-01
-1.933952286258425968e+00
-9.542271228395970972e-02
-7.205078181136808854e-03
-2.316729378385085525e+00
3.006796603534301227e+00
1.754724581151342777e+00
-4.419283476593278692e-01
5.377167798906155871e-02
4.167656158951049683e-01
-4.083469736848581277e+00
-4.943547650411938554e-01
-1.363968495995597108e+00
-2.003240019789831017e+00
-5.622005857719097888e-01
3.595373053699045141e+00
1.281685722534019689e+00
-1.142357979565593595e+00
1.145165562712317175e+00
