-1.095731253037190545e+00 1.492511887858442909e+00
3.924937056835691718e-01 9.851799638290372751e-01
-4.915661885113853380e-01 -1.441906255411091964e+00
-2.213665345446562682e+00 -2.142182358426512501e+00
9.936208969772356014e-02 -5.038072690957355881e-01
4.840032671648439311e-01 -8.364146245516127509e-01
-1.501520801438615660e+00 2.239337378754480135e-02
8.751804858472365112e-01 1.139705258598255222e+00
-8.913364296944500387e-01 -3.282425136639721130e-01
-3.795414282319197752e-01 1.090790986865665557e+00
-1.424705129030316431e-01 -2.266058064645702919e-01
6.591654722171564895e-01 -1.207747047406507734e+00
-7.025637475874661753e-02 -6.727595461851430814e-02
2.444653325691850121e+00 6.034066307447507604e-01
3.365457149985950358e-01 1.292546683668133467e-01
1.018719769333296998e+00 -2.547869907847881699e-01
3.213055070865035723e-01 1.147378296084324178e+00
1.430273868007435389e+00 1.140465482747429427e+00
9.175191111677154510e-01 -1.045781809971540577e+00
-4.755574186973845485e-01 -1.227555131494724450e-01
-8.410105761243742428e-01 1.300938809570068244e+00
-9.337979184661777676e-01 7.098938200822394462e-01
1.403583960280960108e+00 -8.702472916796044622e-03
1.970917470675752847e+00 1.090946526329714894e+00
-1.582364147223349171e+00 -9.156482900975535522e-01
-1.321324994432757194e+00 1.379193698437924276e+00
4.530438677287882410e-01 -1.270210694565167553e-01
1.682215889384902407e+00 8.398920183275169205e-01
5.269683285715411891e-01 1.415018549703443096e+00
2.555864924462727950e-01 2.756752842499559653e-01
2.984608538898925745e-01 -9.743932025407211484e-01
-2.691755413493264193e-01 -1.425321510784896439e+00
1.824310626101049326e+00 2.562014817183288162e+00
-1.324055601356439960e+00 -4.288022242773192882e-01
1.237409328173344480e+00 -7.774780319987779631e-01
1.405487632910352058e+00 -4.383484410895781558e-01
-7.842910239652526316e-01 -2.678378054625053517e-01
-4.572002416958519944e-01 1.560300129620175447e-01
1.118195515315394406e+00 -5.882834454415086789e-01
-1.625841119507073773e-01 -2.501724511492762204e-01
-9.355195451639298776e-01 -5.707761828385209402e-01
-2.730757711522282527e-01 -1.305700609471869500e+00
-2.599896545911964396e-01 -1.037265690774317184e-01
1.682487569157475049e-01 -6.497412926430574664e-01
-2.527780553385251539e-01 -1.208916169982727107e+00
-2.019188070346765174e-01 -7.851228199528941243e-01
-1.194439278884142919e-01 -1.836822233680554528e-01
1.130436950212515779e+00 6.323969443109757060e-01
1.241323299605242347e+00 -9.961513070431504691e-01
4.016287384544208749e-01 1.199468686054229405e+00
1.427897622454297410e+00 -4.359299981202126029e-01
-1.924012143955746490e+00 -1.538760447812188792e+00
-3.781508517352445420e-01 -8.434376607670350523e-02
7.588837146926437072e-01 3.913151528520672495e-01
-1.879360058423775737e+00 -1.217808208158567052e+00
1.668074087777826842e+00 6.116417878654420992e-01
-1.786172818561147402e+00 -7.563745911703059210e-01
8.288542347451224312e-01 -2.385111151554261677e-01
-9.986811451522126237e-01 1.972880552006722743e-01
1.142946728772183063e+00 1.702941426767077715e+00
-1.545045811706764194e-01 -6.961322401677971783e-02
1.141421399529098379e-01 3.323377503603565375e-02
5.677110584140176996e-02 -1.213322689609191096e+00
-1.290054789228661514e-01 -4.843506522494320787e-01
1.656664707729779806e+00 -4.101862757482674926e-01
-2.953995372322781865e+00 -1.151118577908786245e+00
2.353296864675752165e+00 8.870364878097236616e-02
1.146962522300088994e-01 4.742104053011635123e-02
1.379668823685662016e+00 4.716566583997748308e-01
8.812744282630058379e-02 1.314063835460500318e+00
2.878138137537524788e-01 9.991857305005199530e-01
6.410123605391033763e-01 -7.449938130651211354e-01
7.987603904991799619e-02 -6.489865986157495881e-01
-1.416834681937229057e+00 -1.254819609376281120e+00
7.868843381935355374e-01 -1.607091311668386591e-01
-1.482414771216977734e+00 -5.960737249384747694e-01
-9.272400730943692881e-01 6.101902017889904162e-02
2.770884824484189934e+00 1.991145450197866040e+00
1.340807909200874226e+00 3.305086812153682496e-01
6.543746847204531258e-01 -6.986935709402456451e-01
-2.237186835965705889e+00 -5.018796447059340471e-01
1.151143334176632838e+00 -2.741890496642096497e-02
1.809034477174890077e+00 1.225930143599040401e+00
-5.709500103158476891e-01 -5.239398069097405131e-01
1.956545836891040446e-01 4.135875952038081671e-01
-3.785458907975547405e-03 1.435911004659609302e+00
2.747872606294525788e+00 1.203562014987739737e+00
8.282913733136898493e-01 -1.267247048027184131e-01
1.212501631915920086e+00 1.910677129531276885e-01
7.864150822355964188e-01 1.041360453307073275e+00
