1.610360777914652042e+00 -4.539414353392416501e+00
6.869396187953680233e-01 -1.461223127979405678e+00
1.563495906944371905e+00 -3.131062711602902837e+00
2.100936283638548119e+00 -2.392053997131086795e+00
9.655416004490924298e-02 -3.654480715234939225e+00
1.837553365331521249e+00 -3.686479303764710558e+00
-1.342322297829758870e-01 -2.149215891344401719e+00
-5.446778066159507770e-01 -2.670634390819221160e+00
8.530683200169253411e-01 -2.299653433327293772e+00
1.586766762515195994e-01 -1.888078874954949526e+00
5.396635544686005925e-01 -2.842211853206133121e+00
1.041184799479840439e+00 -1.435547550003060557e+00
2.837780425048543442e+00 -7.787385690191339638e-01
4.662391418448997849e-01 -4.390752135083388907e+00
1.933978777279210526e+00 -9.753503575393813740e-01
1.038954976902112470e+00 -2.482908312249404226e+00
1.036440851541504227e+00 -1.458455117469664941e+00
7.838113019409851390e-01 -2.911872622382986275e+00
1.341894328364894307e+00 -2.478967227005302920e+00
-1.234468723726604100e+00 -3.235314952482721829e+00
-1.001641070768311881e+00 -2.456151072904552812e+00
-6.502920035883337224e-01 -2.312452591872729002e+00
1.814270157645427428e+00 1.817215994985721395e-01
1.956287824804494146e+00 -1.556268251514085765e+00
2.038887631623313546e+00 -1.563492187588508164e+00
9.451773841370395557e-01 -1.871632065059661842e+00
-9.385006905510937525e-01 -2.050567202744846718e+00
-3.919896199909749246e-01 -3.157270858951442882e+00
2.908837714884609404e+00 -8.161749145579517695e-01
4.863357165963506645e-01 -1.902017430963344635e+00
6.441515389999685759e-01 -9.178399003650061783e-01
-4.141155204909352516e-01 -1.554003000757481434e+00
8.257209640857487987e-01 -1.604899326256149061e+00
2.006933327310412185e+00 -2.877057900774844690e+00
4.839959240702673693e-01 -2.706632711150157355e+00
2.972898765552153044e+00 -2.053205482657479930e+00
7.812498154684766050e-01 -3.186046774803241277e+00
9.776324053007281467e-01 -8.200216002539655324e-01
2.015325875514729859e+00 -3.156448756983032844e+00
1.047387097999832317e+00 -1.083687789028985105e+00
5.458114278438411793e-01 -2.556889885916419303e+00
1.160635417204992859e+00 -2.553022130098043796e+00
-2.085289397536159495e+00 -3.175614164310593512e+00
1.473305176947369288e+00 7.479262488281190890e-01
4.175265913895458425e+00 3.092250600428485541e-01
2.138382877875561583e+00 -1.277632949580847388e+00
1.213634337351829240e+00 -1.737567442284746910e+00
2.321926349878477014e-01 -2.366183998038405623e+00
3.239387212103983504e-01 -1.589249607211318693e+00
5.234266073256610419e-01 -3.164336163545953706e+00
4.484426070857382429e-01 -9.949165006139091272e-01
5.641266871391881210e-03 -1.758003971654197528e+00
1.343230881856107839e+00 -7.678661143716616344e-01
2.146988144024603251e+00 -1.913774244339428332e+00
1.249196296082952129e+00 -1.880161046710295158e+00
-1.459918004280117199e+00 -2.670842632965273911e+00
1.989167250766336714e+00 -1.166067224941260028e+00
2.256883000078337975e-01 -9.769006020587152062e-01
9.554798698749441543e-01 -1.696494515881837195e+00
6.826746764989854999e-01 -2.379836188728130075e+00
3.386488746449463072e-01 -2.666992720876002032e+00
2.963017521509678787e+00 -8.488705583299391844e-01
1.692141295913105470e+00 -3.527692581196593125e-01
6.997934595761203802e-01 -1.322462878805214181e+00
8.853719544878148051e-01 -2.149227958180435216e+00
1.372961730818364146e+00 -2.190090482253594928e-01
5.564735586591573746e-01 -1.974174448597085796e+00
-4.989475951766226824e-01 -4.517695285737410416e+00
1.223985514540187225e+00 -3.208554442897492365e+00
1.081130296961239079e-01 -2.800488625240812546e+00
-4.915104614631604640e-01 -2.222528084500777545e+00
-1.125403968627441742e+00 -1.606186818497649327e+00
-4.438916267102066548e-02 -1.895909359566755104e+00
1.781825612671751768e+00 -2.354374613556132534e+00
2.878569659710723982e+00 -1.732066300537329795e+00
4.235729116009708806e-01 -1.416224538657861354e+00
2.202311165054016584e+00 -2.114864074745486100e+00
2.644739235200299188e+00 -2.721498358880691804e+00
1.253319925538957325e+00 -2.516365676856979761e+00
-6.743707285849351862e-01 -2.831982123870363743e+00
1.959090618342133494e+00 -2.028685705384836169e+00
1.965373370903013672e+00 -3.227838451559333244e+00
-2.544956950434241083e+00 -2.053053901571343154e+00
-3.171371026308511532e-02 -9.727696728021892891e-01
-1.032540486543884750e+00 -5.024121819578173387e+00
1.364797435118307423e+00 -1.645015308867878501e+00
-1.840321355823528737e-01 -3.718622506374462233e+00
2.235532341037789195e-01 -1.539291541515156680e+00
5.774388266571052197e-01 -2.905836364947349093e+00
1.455756544659617013e+00 -2.875270805843121114e+00
