-2.532212150083988700e+00
3.489311272928863339e-02
3.569152587008739275e-01
4.676663921931829559e-01
-4.063156050883192094e+00
1.822305473828711442e-01
-2.198982772013961640e+00
-1.840482760377011529e+00
-1.829080649072736264e+00
-2.200729567705010048e+00
-1.155416775719240396e+00
-7.215097214831798222e-01
-1.125727597075933062e+00
-1.213136710334607349e+00
-2.148005193269773017e+00
-1.008156070575890073e+00
-1.319225799855777481e+00
-8.130251009750837365e-01
-2.435146515729842420e+00
-1.571801597908138115e+00
1.245097693453030452e+00
-1.473592972510299859e+00
-6.241998579791847579e-01
4.588153731733957130e-01
-5.753271453236452615e-01
-1.205332065448006862e+00
-8.736849268147802716e-01
-4.707203284057065451e-01
-2.140649549929403150e+00
-7.763012078447117936e-01
-1.893853623864036440e+00
-7.153826034896531016e-01
-7.380437857819607261e-01
-8.552837900318792652e-01
-1.619787008591990096e+00
1.787562222196306116e-01
-1.110058371916055941e+00
-2.129233252642964036e+00
-1.695199793592557125e+00
-3.513005152744973492e-01
-2.777626115621624203e-01
-7.351076144069997875e-01
-1.807421035151377753e+00
-1.322368401133846794e+00
1.005545218131918883e+00
-9.420413629382595744e-01
-5.887545145696670978e-01
-2.193028771025977264e+00
-1.941730354486326249e+00
4.593464818092092283e-01
-3.825811413569053965e+00
1.029967987721130740e+00
-1.457448137158471546e+00
-1.743024480811044219e+00
-1.127000887891499881e+00
-6.999287117661925350e-01
1.034857711441820260e+00
-2.560021861366542417e+00
-1.004018369679540612e+00
4.599339642599704625e-01
1.095248274047244674e+00
-1.562323037699215433e+00
-1.235626699501989556e+00
-9.851597589186061876e-01
-6.071259468681269311e-01
-5.487439269542929710e-01
-2.989920748248868776e+00
-8.699506099960362393e-01
-2.904528027248914901e-01
6.911757779512981426e-01
-1.446234939880024495e+00
-2.977182889451616798e+00
-1.711491096068380235e+00
-4.153723745498345554e-01
-2.557823192936452550e+00
-1.141580079557833027e+00
-8.998127622387835922e-01
-1.236862845064722771e+00
2.646400403365336551e-01
-3.127720773119474718e+00
1.232026300126645157e-01
-3.965413479073516267e+00
3.919783468148063665e-01
5.879470761345191310e-01
-1.962495309581008041e+00
-6.512322918979889241e-01
-2.277687908951903317e+00
-7.781350688969774776e-01
-1.298914113109229218e+00
-7.416355538986472151e-01
-2.385564488451876741e-01
7.708157832231692375e-01
-1.606797261554358869e+00
-1.530460599233857577e+00
-6.267010702368933650e-01
-2.154168427745845271e+00
-1.608153787653618494e+00
-1.595174915842306973e+00
-3.395979526866292897e-01
4.964061914791313423e-01
-5.209488322828974560e-01
-6.350063501828215884e-01
1.234674245972132933e+00
-3.862269273489634669e-01
-1.414848405703993395e+00
-6.316762480818629566e-01
-8.035318576902429344e-01
3.096981719583407067e-01
-6.852361733414850109e-01
-1.859394593989361022e+00
-2.769380981578136058e+00
-1.792447116713945299e+00
4.761316647371709454e-01
-1.236359239137823085e+00
6.197533239418522300e-01
-1.652282868033442709e+00
-2.494353425660093659e+00
-3.498066219116847675e-01
-1.748951084467635919e-01
1.662085414051595045e-01
-2.140466715369609751e+00
-1.782191858903468873e+00
-5.380078432069510530e-01
2.160852863108271293e-01
-1.426335895969448764e+00
-1.734567925353959872e+00
-5.019782454364903890e-01
-1.188628984185420290e+00
-5.457604774232778233e-01
-1.177922797594617155e+00
-1.742663029080131487e+00
6.172782204655975491e-01
6.044650580271242468e-01
-1.456526564400772772e+00
-2.918522688085579020e+00
-1.608235265215422150e+00
-4.623304009779809487e-01
-4.626346281425101070e-01
6.204003497630350417e-02
-1.115850273091951950e+00
-2.285036394109788427e-01
-1.401452442521489150e-02
-7.467450704375723225e-01
-1.137333814471854332e+00
-1.006861156948735125e-01
-3.010851489630004263e-01
-7.887460494536780997e-01
-1.251186730090962707e+00
-1.635154476061864592e+00
-1.255869692434314899e+00
-2.252312442016741301e+00
1.409012204247964473e+00
-2.946805967290022643e+00
-1.924335303174382616e-01
-4.540310063036123722e-01
-9.037160431105065728e-01
-1.056275466764023285e+00
-2.270794281977978724e+00
-1.520187972960962641e+00
-2.264989134396261372e-01
-1.120137920574746149e+00
-2.324850445012839995e+00
-5.841937778679587856e-01
-1.078929789619636592e+00
-1.854420498740360745e+00
-2.417228188129377120e+00
-1.228686459741569648e+00
7.177021211960947777e-01
2.138600665430852033e-01
-1.399484399742340734e+00
-1.723444556874413891e+00
-1.028640953588361384e+00
-6.258898876260479138e-01
-1.940850612945868248e+00
-4.027167225484866719e-01
-9.281880690001627077e-01
-2.294471721841284229e+00
-1.741578254569072559e+00
4.454635187447686384e-02
-1.365774955691389181e+00
-1.070411568355715382e+00
-1.918791729848148719e+00
-6.572836131063046761e-01
1.447478298709343303e+00
1.014334256913510757e+00
6.021488041235356636e-01
-9.422313487195800308e-01
4.220731611462502642e-02
-7.294580512292070384e-02
6.940639341533683115e-02
-7.861142508950820229e-01
3.413798290559988402e-01
-2.425793738050685544e+00
7.721996631654146626e-01
-1.830592348771649558e+00
-1.924480731053583860e+00
4.154793669543979107e-01
-1.832258981276500887e+00
-2.617809414448383443e+00
-2.701826305174627851e+00
-3.342808752893368762e+00
-2.149430148353557168e-01
-2.890307697971964407e-01
-9.451225700582072120e-01
-5.651611068546278371e-01
-5.463768743276757878e-01
-5.101675905966331914e-01
-9.979495188804722305e-01
-1.294491189934979136e+00
7.071471080509643681e-01
7.653751214588402352e-01
1.130126203076400326e-01
-9.581236168264567477e-01
-1.832954680616497134e+00
-1.724283412530607684e+00
1.419311329651456344e+00
-4.506034928575887166e-01
-7.434001683682041062e-01
-2.676365886378685666e+00
-5.983469804297631978e-01
-1.168277813006653343e+00
-3.780942264519510099e-01
-2.276764841524676619e+00
-7.169882977817653158e-01
-2.026550478735241967e+00
-1.731426851795871968e+00
-1.432167507951153773e+00
-6.896049256843499453e-01
-2.200851539903389664e+00
3.942713839300375778e-01
-1.609936542021605188e+00
-6.490529785782841454e-01
-1.014420129844125329e+00
-1.017490356673213636e+00
-3.571501688296819799e-01
-3.226077959825597308e-01
-1.274268136630314796e+00
1.274423854440724480e+00
1.003516067005532975e+00
-1.095622905822426052e+00
-4.369629915321749936e-01
-2.294515087452738022e+00
-1.092565054429864624e+00
-1.034541239391362222e+00
-1.244200031975597254e+00
-1.612988741243648771e+00
-1.792000099007877267e+00
-1.178834161706588057e+00
-1.591656025486377635e+00
6.008661464146136666e-03
-3.071642465356517526e+00
-1.153537647764786289e+00
-9.588501789418815147e-01
-6.261093988639796493e-01
-1.031375500442974991e+00
-1.057801032420931708e+00
-2.161436717969543730e-01
-5.896889440020408601e-01
6.678717596273258117e-01
-1.683116365163285666e+00
-3.425628656736887212e+00
-4.335240962777460183e-01
-3.139583426925504073e-01
-2.155395714048325750e+00
-2.041325879743467908e+00
-1.663703753248308992e+00
-1.160403332174665625e+00
1.973364278336053879e-02
6.400664839964851360e-01
-3.173217639169256366e+00
-2.485644370245533086e+00
-1.572147107553455214e+00
-1.669186248391691496e+00
-2.619683972574982977e+00
-8.810649310163974901e-01
-1.713325944894894093e+00
-1.520022071299999000e-01
-8.988616241170910293e-01
-2.083383352240591790e+00
-2.260053732909055313e+00
-2.028204562836675606e+00
-2.511010236364840331e+00
-2.601931121653978440e+00
-1.583050210096735855e+00
4.430482393588577317e-01
-1.415282787622080818e-01
-3.253240097230658989e+00
-7.306554343597113643e-01
-1.632078059147590299e-02
-1.448640232201974687e+00
-4.500878482408419146e-01
-1.207694779705520416e+00
4.534925678404677640e-01
-1.201706073602781144e+00
-1.053713109795334946e+00
-2.982289558263627960e+00
-5.390945233540102022e-01
-2.743573344907083156e-01
-1.849242659387620558e+00
-2.633220899081953892e+00
6.190541656781858304e-01
-4.618519389964148569e-01
-1.067325304293314625e+00
-1.830152466648519827e+00
-1.295456691934452342e+00
-9.981856282633793098e-01
-1.693759549062480829e+00
-1.694762430002349829e+00
-2.637827730279912464e-01
-1.935519188740502106e+00
-9.300619828902882968e-01
-5.965150165907371349e-01
-7.734371004107329917e-01
-1.782944307632902792e+00
-2.332407516473579356e+00
-2.332716860210936716e+00
-7.705069382230662622e-01
-8.668110961164725570e-01
-1.531305718442193431e+00
-2.595037676634012414e+00
4.154216830247581260e-01
-1.691982393919567507e+00
-8.042156802449836883e-01
7.892759963818536395e-01
-1.274697591768942706e+00
-1.403773069641603310e+00
1.218335350761020841e+00
-1.090660401222662834e+00
-1.628392612256488681e+00
4.837559890866436341e-01
6.365342161834064427e-01
2.527278736206695076e-01
-1.371467317482119030e+00
-1.094023652356927778e+00
-2.481944583001780114e+00
-1.825617702477478677e+00
-2.333438300237282714e+00
-8.057065629976423171e-01
-1.558311608200434240e+00
-1.760416418259907356e+00
-6.551887012698742740e-01
-2.228186478434423634e+00
-1.496459407108489126e+00
-1.580946255781014997e-01
-4.895989080085801914e-01
-2.264518727764869510e+00
-2.406559468746590547e+00
-9.205736379817857085e-01
-9.049491943264497129e-01
-2.437800310894655542e+00
-1.460807615070267573e+00
-1.514327567005929964e+00
-2.367223092590235112e+00
-1.401080227910752374e+00
-3.284106974386630906e+00
-1.776022886039860804e+00
-1.312471391583156510e+00
-1.163827857752511408e+00
9.976881008954117114e-01
-2.288284447665998478e+00
-2.506246922120974885e-01
-3.990667546364706775e-01
-1.841674196665753271e+00
-1.157100663351412484e-01
-2.279827156707892932e+00
-7.744500439712541651e-01
-3.509460959059096385e-01
-3.089752997546524327e-01
-7.339463743616458924e-02
4.505947831310144203e-01
-6.043735287024065705e-03
-1.499145471499001792e+00
-1.079984044292494394e+00
-5.944890094445964834e-02
-9.603781321145024030e-01
-9.100450805762423379e-01
-2.335750724720560445e+00
-2.390952398349387442e-01
-3.836963392761048475e+00
5.863272078652264074e-01
-2.059511228094782709e+00
-1.777928733092846159e-01
-9.894004630009954893e-01
-6.805168543433194328e-01
-5.454031961863179401e-01
-2.410481519026977271e+00
-2.032453540630215771e-01
-2.118755653264010608e-01
-2.374918653145491554e+00
-4.067425667155614155e-01
-6.863080326508105289e-01
-1.542679424882125838e+00
-1.437725228866677973e+00
-1.069000133906855998e+00
-4.596640419717926695e-01
-3.077145659111105935e+00
2.335082113573061502e-01
-9.499906959371263726e-01
3.496157359978067092e-01
-6.366918838821125082e-01
-3.102469150351562233e-01
-1.833328424017972136e+00
-7.032340636975846770e-01
-1.281280685628122473e+00
-2.958029341048541649e+00
2.323433452354750628e-03
3.258700399606935250e-01
-2.682306699296165275e-01
-1.063457438522530385e+00
-7.702662100853399085e-01
-1.048673134835375942e+00
-2.966915278162697289e-01
1.052197302799894985e+00
-1.601579884713285828e+00
-3.561768746844147682e+00
-4.057606956321639924e-01
-4.473732839821001894e-01
-4.059909055466131012e-01
-7.897894900402299134e-01
-1.991381032290243880e+00
-4.895385089617620977e-03
-7.844167536942981966e-01
-2.372375730940543992e+00
-1.574967423696782998e+00
-1.129673817302406569e+00
-2.448080755038295475e-01
1.869063049318220315e-01
-2.043644113331101853e+00
8.046715574864111709e-01
-3.484911090391084043e-01
-6.654857439246073536e-01
-1.645836919515651919e+00
-9.607393782214181943e-01
-3.058918549948669963e+00
-5.010208853482871483e-01
1.646803526344842616e+00
-1.619635647647828858e+00
-5.426904718887159973e-02
-8.264007707510914180e-01
-4.826029877785775746e-01
4.416402502972676114e-01
3.666213390959331964e-01
-1.215565467470272498e+00
-6.203947806143187416e-01
-2.520249679436973977e+00
-1.318047994103605625e+00
-1.015532059359331329e+00
-1.755724888406495321e+00
-2.588771498803469573e+00
-1.811530268330963533e+00
-2.018837085575496015e+00
-1.275055519983024244e+00
-2.437044543830785948e+00
-5.449368035883084271e-01
-7.645897953097945399e-01
3.579820134398532527e-01
8.410376894748317067e-01
-1.897542951476720585e+00
-1.538027319724292852e+00
-6.690579693198976940e-01
4.763020200335981169e-01
-1.655837216664924449e+00
-6.305480068333236821e-01
1.442789322787297657e+00
-6.312746616503432939e-01
-2.111116621729974607e+00
-6.304105186874984224e-01
-2.391035347272171041e+00
-9.279371377941805221e-01
-1.382165735018013653e+00
6.366381874189508405e-01
-1.692716168841615243e+00
-4.083497303390416500e-01
-1.144810598154332393e+00
-1.863440097557812258e+00
-1.339682160273355516e+00
7.778980147404124246e-02
-1.026967086455827571e+00
-5.241973698491928513e-01
-2.037753552033796822e+00
-1.783017362304033959e+00
-4.922304191917210581e-01
-3.054674600619240010e+00
-1.797872821159157919e+00
-1.057464474326158976e+00
-1.814225082036051706e-01
-5.027747030698153097e-01
-4.295479005138168604e-01
-1.727506242555954419e+00
-1.351429969179066326e+00
-6.051505587224037530e-01
-1.410824062212166385e+00
-9.332537366396383982e-01
2.226647152660397033e-01
-1.405623572484544503e-01
-1.614589015211197243e+00
-7.738175014864207002e-01
-1.362524440591565966e+00
-1.954753490808573968e+00
-1.129772092190266086e+00
-3.215530139647324592e-01
-6.029664728418924202e-01
-1.879710737589565195e+00
-1.661556291521129491e+00
-1.382322738433153120e+00
-1.346925343823571541e+00
-5.682690830027524731e-01
-1.892607286272677936e+00
-2.672045104167583673e+00
-2.198714032132082163e+00
-8.112195808344876413e-01
-1.334540223668621239e+00
-1.793389948809966494e+00
-1.730446533809244292e+00
-6.271054917364693448e-02
-4.271618610493882473e-01
-5.218896817588734027e-01
-8.983749363159218015e-01
-6.568245984132046189e-01
-1.728265413052228361e+00
-2.236269717154192982e+00
4.913934248862583676e-01
-2.281817749736818612e+00
-1.905552788668237296e+00
-9.225810683207849028e-01
4.254261927435099011e-02
-2.456606128313361115e-01
-5.837494966435357036e-01
-1.330281167733746717e-01
-1.028734872036178860e+00
-1.211451677207629141e+00
1.451707134182333991e-01
-6.360220800917257833e-01
1.358921022493918773e+00
-4.155713159470049156e-01
2.057281333814357627e+00
-2.957727315464463658e+00
-1.052928653957938332e+00
-1.330871011415560856e+00
-1.279198543605384764e+00
-4.453387713317991103e-01
-1.180226671542489392e+00
-7.001141810611386518e-01
-3.661146144691537208e-01
1.528149901576532077e-01
-2.509874627102265165e+00
-6.165167752623992303e-01
-1.924116625872558162e+00
-1.488955406365814360e+00
-1.907190985541163730e+00
-1.671053171515504365e+00
2.711428008406522316e-01
-3.090534166025773466e-01
-1.272897354387356073e+00
5.698601404499983314e-01
-1.491567572719005863e+00
-6.869792061502886238e-01
-9.287058309276415846e-01
3.679933243523370034e-01
-4.910874165689561588e-01
-8.339660300589035735e-02
-2.201971386853760482e-01
-3.215776354107944268e+00
-2.084603452381637467e+00
1.406040124695704385e-01
-2.157751956434378116e+00
-1.573337458791594923e+00
-1.848886794891691165e+00
-2.792300797797293566e+00
7.737854608398642142e-02
7.041320196490516992e-01
-2.548827376773865616e-03
-1.629870249748540445e+00
-7.250066844526933396e-01
-2.166240331641742678e+00
1.933810487467793049e-01
-8.307422998102254041e-01
-1.342045144985396732e+00
-1.876258819521418042e+00
-2.534616548732185670e+00
-5.793795886066051004e-01
-1.082624550289212007e+00
-3.996009805324072683e+00
-2.147922068639481097e+00
-1.449548928680113313e-01
-2.146083886085566661e+00
-1.293720429644583891e+00
-1.928861734800352057e+00
-6.983233662053560664e-01
-8.387425748405120673e-01
-5.474543871769739223e-01
-3.816620785500708379e-01
7.159972675640196016e-01
3.014412461385782560e-01
-5.670360117222970064e-01
-8.468034359141589640e-01
-1.222704559986020012e+00
-2.425435503512084257e+00
-3.777555568350520199e-01
3.814719244002646725e-01
-1.448444473161597079e+00
-9.966237464846380290e-01
-4.017409017162713036e-01
-1.268310993390896257e+00
9.380454187119600107e-01
-3.827847876727706877e-01
4.308257956676140310e-01
-9.016806149104441559e-01
-1.509196589465938931e+00
-7.019379851336604581e-02
-1.662491006640058444e+00
-1.090392399293743653e+00
-1.280756807731072922e+00
-1.771098635258061549e+00
1.192998436942067642e+00
-1.252598473070783758e+00
-8.382680276533964747e-01
-1.592336012975920756e+00
-1.717672326739793309e+00
-6.910794180331385483e-01
7.138945039790216551e-01
-1.544412115861487411e+00
-7.085302845634764424e-01
-1.189777849178981217e-01
-2.062496204426535140e+00
-2.651910041377401495e+00
-2.152135709865850011e+00
-2.351851545513755415e+00
-1.679588195396573891e+00
-3.374806302338746455e-01
-2.539150998316220154e+00
-1.173808819742059750e+00
-2.156419185762583624e+00
-1.240507664403790899e+00
-1.855865045889840026e+00
-2.682640712017598794e+00
-9.572467250975171815e-01
-8.054542379027229693e-01
-1.790687380493382275e+00
-9.020910054705608694e-01
-2.471760722124771714e-02
-1.365544184586374943e+00
2.899438741911446460e-01
-1.767639757836286130e+00
3.867424333126194824e-01
-8.660943137902396005e-01
-8.243024556437572592e-01
-1.480802160382127086e+00
-1.211502690946471450e+00
1.766358713177863748e+00
-4.133074535266929583e-01
-1.286045818806287322e+00
-1.011045682093152154e+00
-3.026303052322728782e+00
-1.006780004128223993e+00
-9.962364549989366491e-02
-4.747445592275705284e-01
-1.432315297403092158e+00
-2.442833770172589070e+00
3.140053665367705804e-01
-1.334014878497403744e+00
-8.013326501881969932e-01
8.394498094538747068e-01
-6.589719459319232087e-01
6.646080302161327946e-01
4.854176217004146920e-02
3.534620557484640102e-01
-1.225912536531380326e+00
-9.148801861799779056e-01
-9.877297322026820092e-01
-4.155837580657061325e-01
3.405947982800214824e-01
1.419554153364748217e-01
7.498156093416690204e-01
-1.212802051977816209e+00
-1.105266462207096900e+00
-3.306072999946949587e-01
-9.787282277043249934e-01
-1.394639115923521633e-01
-1.933457857096370081e+00
-9.394997646686641390e-01
-1.179942882710862451e+00
-2.270583367503704597e-01
-1.819970766549341423e+00
-6.749351131463299236e-01
-1.251576000600651994e+00
-4.524343724285744273e-01
1.262344799437962184e-01
-1.626899702121005209e+00
-1.688130669605423684e+00
-6.518023523266749386e-01
-2.704763117923237203e+00
-1.233912197226330720e+00
-1.038610641040481841e+00
-1.800274642762234478e+00
-1.932860447023815320e+00
-4.668354158699808965e-01
-1.302947160198909327e+00
3.811132346100425394e-01
-1.326310686437723874e+00
-8.600770835063991093e-01
-2.213249892005786368e+00
-6.697352393702922235e-01
-1.354908668596773058e+00
-5.632288124471522828e-01
-2.008107642942236204e+00
1.910350676389296343e-01
-1.844527753507303469e-01
-1.423067425171131939e+00
-8.927674240791918514e-01
-1.478655679392890221e+00
-2.165913572382700103e+00
-1.177362034940607316e+00
-1.173985887680161433e+00
-2.508583905590930918e+00
6.624397722055785920e-02
4.849279571313951376e-01
-9.245961849594475090e-01
-1.043831010743045518e+00
-8.223682113245724956e-01
9.774235264279163005e-01
-2.099737110899802417e+00
-1.987727240653723859e-01
-2.020310564603124970e+00
-4.256031570191048941e-01
-1.514608010506693470e+00
6.502087976013350978e-01
-5.975850952935223281e-01
-1.265995458794122452e-01
-8.766054807521503900e-01
-9.434059031327877154e-01
-1.892737586055855736e+00
-7.211597862308671836e-02
-1.932779186214932166e+00
1.128176300323511239e-01
-8.069860076656918402e-01
-9.899615673561527052e-01
-2.738078719412500917e+00
-1.253443148061373913e+00
-1.043377354858483708e+00
-1.402632680418410827e+00
-2.046244656369460291e-01
-2.892440543076344461e-01
3.651789925101445178e-02
-1.311565036646656024e+00
-2.229763446192603027e+00
-3.105319783792624300e+00
-8.427063596662728306e-01
-1.766888008017917233e-01
5.170725907743121130e-01
-1.993095679211302595e+00
-2.194814825019806293e+00
-1.243092297480019148e+00
-1.262999567857481242e-01
-1.951849818076845100e+00
-4.920444029879059711e-01
-1.838186098423574277e+00
-2.318506084011551671e+00
-4.594278359642309795e-01
-2.756509010693055206e+00
-4.824894319758098460e-01
-9.128871449357438550e-01
3.497196822160963947e-01
-1.394268942567688629e+00
-1.363742999664380839e+00
-2.432540728137459141e+00
-3.897133203140820124e-01
-3.617091480007926796e-01
-6.769572644352452873e-01
3.291278799594621329e-01
-1.642580072676212755e+00
-2.131131408933804039e+00
-2.018201962740027167e-01
5.454827369198318454e-01
-1.025248563189466111e+00
1.128764582543242412e+00
-2.219482245270870013e+00
2.318537321725144817e-01
-5.712286808749471589e-01
-1.735408269663529124e+00
-2.541811171111961531e+00
-1.318824162786396137e+00
-1.570401264518419104e+00
-4.324483699814327675e-01
-1.678318241720998305e+00
5.568032664492272854e-01
-2.609164904848106925e-01
-2.147273913703103609e+00
-5.537560565987518224e-01
-1.449295897657781884e+00
-1.605980196735494747e+00
-1.975885165971532409e+00
-2.166206898528524327e+00
1.228003544480073650e+00
-1.990059429676900304e+00
-1.148681108620923652e+00
1.961946680670696885e+00
-4.320088492263675084e-01
-1.413517912301760715e+00
-7.630823654438037007e-01
-1.900413914666055915e-01
-3.036479672801692509e+00
-4.674989501778915590e-01
-1.573994725577026355e+00
1.109117301622165375e+00
-1.958407155727146964e+00
-1.523920911066492190e+00
-1.743487073592606018e+00
-1.818154836025786203e+00
-1.185482546741083887e+00
-5.986298446139060037e-01
-1.188742391473885718e+00
-1.172248882260330527e-01
1.756585717361909271e-01
-1.947055272619779842e+00
-1.019001455823826729e+00
2.118373450527575308e-01
-1.159669835643305724e+00
-9.918445066754761896e-01
-1.671959570248953586e+00
-1.192048164214766670e+00
-2.726943314525697160e-01
-8.608927356083092564e-01
-2.119677729777179831e+00
-5.015704123273034831e-01
-9.111981289870290102e-01
-7.327062895784494101e-01
-1.135788729721230572e+00
-1.363193372926075897e+00
-7.513312388484981730e-01
-3.025937491657912037e+00
-2.624003472890362731e-01
-1.941836301193520686e+00
-3.926071398262469536e-01
-6.846247865232018004e-01
-1.182921184471302789e-01
-8.951996802144868148e-03
-2.726438575186478364e-01
-1.503738819604191423e+00
-2.683249001821333302e+00
-1.931185214652089810e+00
-6.841877729170712241e-01
1.808564957900349324e-01
-1.276627076531227090e+00
-1.750755126909695480e+00
5.004484914474638391e-01
-1.274801978987334605e+00
-1.242138620924674974e+00
3.710117359833828843e-01
-3.297030424391760306e-01
-1.354624301037599121e+00
-1.039214305643722192e+00
2.851138956138243863e-02
-2.294818543052418391e+00
-2.868644082415728658e+00
-1.389520529740755794e+00
1.535828609390772481e-01
1.730208016634993129e-02
-2.086088038966172675e+00
1.143442253445887680e-01
-2.321863933025103854e+00
-1.517470324851177166e+00
-1.797306468935579993e+00
-4.262049879030689326e-01
1.660600206047755822e+00
-3.650074291920110792e+00
-1.417213338826938118e+00
-6.810679325372358539e-01
-4.072438450518371944e-01
-1.686196798972929622e+00
-1.370159486881341593e-01
-1.561364805779826392e+00
2.696133620502878525e-01
-1.639663455956523075e+00
1.743114554417020123e-01
-1.442173777043722627e+00
-1.389516709476486866e+00
-2.119021071812545731e-01
-6.569652833215624543e-01
-3.004803005699359986e+00
-3.860898440841091794e-01
-2.080687772978064842e+00
-6.635115212832840559e-01
-1.847708048905199574e+00
-1.610953830063796222e+00
-1.947566199630600403e-01
-1.947220137253283356e+00
-4.107784293585425850e-02
-1.498599914718751869e+00
-1.691213216472759573e+00
-2.523669002960159169e+00
-1.505937174795699551e+00
2.192747877268099721e-01
-2.851787764609120535e-01
2.675397418791507498e-01
-1.444049017087868814e+00
-5.944391246547322538e-01
-3.989778898704285925e-01
-6.678839121790858258e-01
-7.419625878953698406e-01
-2.213770295890782336e-01
-6.431516698557617762e-01
-5.720412333915063652e-01
-2.161325834485717801e-01
1.507301912063404359e+00
-5.550285931639187265e-01
-2.581585313162695350e+00
-2.540764856392585536e+00
-4.824470090585779580e-01
-4.891051538320040359e-01
-2.067661140951504439e-02
-1.072022420729176417e+00
6.975236958484474226e-01
-3.003870784341653888e+00
-1.689370694399622286e-01
-2.001870368559716784e+00
-1.053780867741814120e+00
3.711967199449106580e-02
-1.485730043891494434e+00
-1.562992119591825713e+00
-1.047529119853489066e+00
-1.761056654805164268e-01
-8.505773787111535755e-01
-1.622254127651341804e+00
-5.533646379027032935e-01
-3.082751057230721514e+00
-1.119343641602591921e+00
-1.093682756454361860e+00
-2.827973448657616018e+00
1.951846577615257150e-01
-1.080335567992587897e+00
-1.255207057242972546e+00
-3.561866992906746354e+00
-3.975728692876256964e-01
-1.783825699201247783e+00
-2.482568774381359589e-01
-7.285420238359094913e-01
-8.756280243501806115e-01
-7.900790168226282661e-01
-1.590550895760894701e+00
-6.651305631677375541e-01
5.768002268525731502e-01
-1.471892257147100258e+00
-3.349521424759754229e+00
-2.103525278498529438e+00
-1.714438699904131669e-01
-7.835935079043281348e-01
-1.226644137737748608e+00
-1.362912657802628491e+00
-2.466302340275811300e+00
-1.208605145559104699e+00
-1.126858462226824731e+00
1.060494238669222433e+00
-1.572489559513150059e+00
7.359056832818522409e-01
-3.013607682940121268e+00
-2.242153790237926270e+00
-1.113313070292291096e+00
-1.938926472687644509e+00
-2.127976861949354870e+00
-8.796385505726294074e-01
-5.147494577329362331e-01
8.541363355194691032e-01
-1.286667795454784935e+00
-1.445197841171720121e+00
-1.498635035383696579e+00
-1.601859099716477886e+00
-5.724354218454428267e-01
-2.431634560614464036e+00
-6.112007882590065888e-01
1.058001334483966716e+00
-8.481583026152450522e-01
1.257934331055021726e-01
-1.509621521903140362e+00
2.962049245068207881e-01
1.068005936598794836e-01
-1.835840509444861546e-01
-1.812849616276751119e+00
-2.291641407888844739e-01
-9.873974322660878933e-01
-2.745409915519694266e-01
-2.054134234369429990e+00
1.670342463673961664e-01
-1.115287418650094953e-01
-8.627674586198297302e-01
-1.516538182926153278e+00
1.937608669413199980e-01
-6.215172331075555778e-01
-1.606808317697410615e+00
-1.820081708286718669e+00
-1.057626236276275611e+00
-2.014118322414601980e-01
-1.936632035048142741e+00
6.648945894857565264e-01
-5.500254180004937599e-01
-2.289682825503168928e+00
-2.968792328021444771e+00
-1.482014987151663021e+00
-1.438986150440562550e+00
-2.367143258266247940e+00
