1.938475306794869013e+00
5.792263427941357623e-01
2.335685630197833262e+00
1.640443274414373986e+00
7.767869936188921409e-01
1.506360378805293720e+00
7.705718368354451675e-01
1.701554175882006081e+00
6.830678880350671278e-02
5.813890851681948746e-01
-4.988564672604134387e-02
-1.286802080173366392e+00
1.813737087488354494e+00
7.204899980724601694e-01
-4.094314809173620340e-01
8.323130283293869169e-01
1.358689718753286257e+00
5.628310657629965741e-01
-1.641348135125086038e+00
1.422482527690298593e+00
1.959905835592437695e+00
8.949286901920664450e-01
1.604905039832179803e+00
1.475147130245022531e+00
1.872792576406775877e+00
-1.140306968818409761e-01
9.280141853853746126e-01
8.962256131982765384e-01
-2.289759555373640509e-01
1.833550834530299545e+00
6.720700279474962624e-01
-3.107637075183486974e-01
1.675576893013598134e+00
-1.643724174858320897e-01
8.625608090329164312e-01
7.880285333420439242e-01
9.681004462261384447e-01
2.617757157642450316e+00
-2.699698697824877147e-01
8.304374217552904502e-01
2.407521380353051299e+00
3.060994978346829765e+00
1.815263381823107203e+00
-3.474782613082239013e-01
1.610670259112922942e+00
2.964261389046194406e-01
1.772308740764126922e+00
1.564946125906761409e+00
2.283438630793536372e+00
1.641110928621409837e+00
2.368109695816773552e+00
2.572212197447728554e-01
-2.612597058668859606e-01
8.506934458460206905e-01
2.707553644560767303e-03
7.094559743191295453e-01
4.702004364101417533e-01
2.718731408840880270e+00
5.277301531824685199e-02
8.053806737992345033e-01
-1.322368518772739421e+00
1.935107008384478577e+00
7.463625793496442284e-01
1.153267691694363828e+00
-6.696012664793742353e-01
1.802585125146233924e+00
-2.675398056058810869e-01
5.830378433342287003e-02
1.825984605709303210e+00
2.078972099271461538e+00
3.442142630848835649e-01
1.028712565158449443e+00
1.440005892688727585e+00
1.394312227051331732e+00
1.903836174505912915e+00
2.864918185854910426e+00
1.914388816034648055e+00
2.124302992473394713e+00
2.349364000119549711e+00
8.833833750095815285e-01
1.455272300738522651e+00
1.286782039172088332e+00
7.415729576728706807e-01
-3.390051611458824166e-01
7.422284820430665730e-01
6.062591117446760602e-01
2.734510443526181778e+00
2.783643557992262263e+00
9.192169699334902244e-01
3.019840181431808768e-01
1.145340817510651199e+00
6.680219930816315710e-01
1.389594549701765214e+00
1.663084474239149291e+00
1.200607945230850238e+00
1.700973756972066653e+00
-2.083259301149897880e-02
1.390382444156671893e+00
-4.592411321061991014e-01
2.334556875401055942e-01
2.309341738510319431e+00
1.391149514630411144e+00
3.672628578633432284e-01
2.053676205960204726e+00
3.618299634495007133e+00
1.380668052669553614e+00
5.851525948829531254e-01
4.518745393769948437e-01
2.274677643687098794e+00
5.965905895213647891e-01
-7.695584515067233067e-01
8.392424968965188636e-01
6.456028186875308883e-01
1.840153596242571243e+00
1.673683268508361799e+00
6.283597300992775914e-01
1.401817969489765003e+00
1.821934780662916697e+00
2.122594964738714562e+00
1.185844596528678574e+00
1.520952345790829829e+00
2.125717638738477966e-03
4.435187077434532554e-02
-8.920214833412898336e-02
2.494839985614255795e+00
1.537355542752876891e+00
-6.381498066620294729e-02
1.267329401379117648e+00
1.692860126432347734e+00
2.518573628480692328e+00
1.187164409862711878e+00
-6.307379362725391569e-01
-1.282125129488955739e-01
8.433396487284491316e-01
6.082241792495390875e-01
-2.050565918157629675e-01
9.134338280112820341e-01
1.253557439312078747e+00
1.129809990751689641e+00
-2.089537139759096718e-01
5.295266782485281709e-01
2.002410546767364519e+00
1.902778360805990054e+00
2.780314453008845277e-01
1.752317621921532842e+00
-4.521966489333533179e-01
1.176784221661686836e+00
-5.439574205960688857e-01
9.099290604056290421e-01
7.494386547072289240e-01
1.850250139355464896e-01
1.206073132491372268e+00
2.005635123211845006e+00
2.963062863468763908e+00
2.723635142798928044e+00
1.280922497690679229e+00
1.069937335222615360e+00
9.887643596797944801e-01
1.655742572030357795e+00
1.630466187235141362e+00
1.547892463146993691e+00
1.576049878818617689e+00
-1.889936276486276157e+00
-9.158967397651451847e-02
6.067577908682120214e-02
9.087319144336218901e-01
-1.199775683460891695e+00
8.875304775099346344e-01
1.500789905373368871e+00
5.786278511965161631e-01
4.680285001814665780e-01
1.125963096053085977e+00
1.573454562043073546e+00
7.998957139505282754e-01
-3.837417973489074541e-01
1.380710161812676251e+00
3.497573130824275234e-01
9.358462965313115722e-01
-1.386596534831621153e-01
2.082551833892196669e+00
-9.359138224559218067e-01
1.359662089498562709e+00
2.291678711001005730e+00
3.293804991701009266e-01
4.059252321437823996e-01
2.462766249995465007e+00
7.360118525529774081e-01
8.470337532208230824e-01
6.231527257628843852e-02
-5.878873884904396441e-01
-1.138304393144677906e+00
1.232922754015777889e+00
1.422440110817052128e+00
2.569720959988374798e+00
1.757900341186717785e-01
1.017396944800076586e+00
1.208100933644147723e+00
-2.290720149552036844e-01
2.436235085342530748e-02
6.404833952293884636e-01
1.766152863470601408e-01
-5.598099628315706955e-01
9.028036409284204700e-01
3.212693806125088258e+00
3.232915861723480999e-01
-3.301497143107590126e-01
2.377262223431738430e+00
1.122348865085688097e+00
3.322319786455289137e+00
1.867174325131248036e+00
-7.554669397838689182e-01
-9.136512375141592202e-02
1.323543113429512141e+00
7.891715652133383108e-01
1.821651046785230932e+00
-2.659592160982497955e-01
1.480306721066867670e+00
2.538235049000413524e-01
1.915842048757850913e+00
2.024317714110298372e+00
3.132007449236201557e-01
3.431613464071624486e-01
1.267422384088334075e+00
7.025154492356210367e-01
-7.577424610295364626e-01
7.313101113979476597e-01
3.642264268700114993e-01
1.734260822201542762e+00
1.029652559550576774e+00
1.513759535986439531e+00
3.457757459838938896e+00
1.249630619170788437e+00
1.820138442398332002e+00
4.810943921072962093e-01
1.011868798365012090e-01
1.045224538480819199e+00
2.533748852838933807e+00
1.680726388224952572e+00
-9.576083174590510616e-02
2.926678544164839080e-01
-5.702767311520127169e-01
-1.049303919110706751e-01
4.106478634785752924e-01
1.493980662249830837e+00
1.630812445847988013e+00
6.268070368667443271e-01
1.440387840263337438e+00
-2.486301970429649622e-02
-7.353266680294265889e-01
9.940564246507447299e-01
2.283578905279675553e+00
1.399363977680302851e+00
1.188790312688980944e+00
1.854263330411446642e+00
-6.094157439337948290e-01
1.088907426670350898e+00
2.259914050458120549e+00
1.401991425808889247e+00
1.717608775921133368e+00
-7.681569780072126097e-01
2.276341585002400691e+00
-1.037198178026943474e-01
2.633517660493039259e+00
1.173230020192387757e+00
1.074819010919006557e+00
5.177498946411781544e-01
3.153080642482801732e-01
-8.118097267203872036e-02
9.654689308876581721e-01
1.227406161063480994e+00
3.503508283758083319e-02
2.055660554582498634e+00
7.325975780485423083e-01
2.226616114618664266e+00
1.817004434441917393e+00
1.758409009305942128e+00
3.559950986642386184e-01
1.040345178179034047e+00
2.244512673412803139e+00
1.336492937399236247e+00
-1.062443718924570568e-01
4.443233039854095345e-01
1.172656345291735569e+00
2.120784065114018624e+00
1.078079917248412567e+00
1.098667521681369941e+00
7.955543292008138145e-01
1.194821074373702441e+00
5.276488622559538655e-01
8.019181464673965642e-01
1.696635895626082968e+00
1.402256257021936792e+00
1.083918833705290519e+00
-1.067240120931669978e+00
4.035783214551549314e-01
1.539630239214273999e+00
-4.117398093627717692e-01
2.094619681525093036e+00
2.748766443720021879e+00
3.469508427109928572e-01
3.087000581881529371e+00
1.348753778784381074e+00
1.554024685958093510e+00
8.379676579287355098e-01
1.169809047305061078e+00
7.506017657233295948e-01
1.440844660579271519e+00
1.528821630646223451e+00
8.748822128020028455e-02
7.926375264456249070e-01
1.100662364255602377e+00
-5.326132380269521516e-01
2.832586779185527481e-01
3.342892906433273525e-01
2.806521342401523178e+00
1.449787730679042541e+00
5.786711296603384014e-01
3.924836954279801171e-01
2.195773824624004611e+00
2.163407734130011306e+00
-4.047452729107157143e-01
4.260287323340518073e-01
1.281022767459953027e+00
5.174517930004802757e-01
1.408673875039080592e+00
1.579293429814082605e-01
1.246694930678201363e+00
2.122549784129935668e-01
-3.047502828269159636e-01
2.307476351348319854e-01
5.448243872808726795e-01
7.282625793810049153e-02
4.088283467996629561e-01
5.744327647160276662e-01
2.590675311768410261e+00
-1.780798208217049261e+00
1.641499016207533135e+00
1.417231146643967765e+00
7.232366682848497819e-01
1.548432896662513381e+00
2.738114574851481464e+00
1.794713412022161947e-01
1.839050220536437630e+00
1.763118955856500802e-01
7.854101100406620795e-01
9.598971768309182417e-01
7.508327607184039909e-01
5.912755016506291428e-01
2.386613782360860192e+00
7.309351417164978715e-01
2.844971529846904712e-01
-1.706764072264226328e-01
1.580032277402366514e+00
1.258936949136470140e+00
2.046419805676220616e+00
1.245673230787815111e+00
2.511807146213016928e+00
-1.249513356017644128e-01
-1.229272457874119873e-01
4.926757033383977191e-01
8.863568080555632722e-01
1.678619331589908947e+00
1.929646837861889397e+00
4.660034674395614473e-01
2.744238173771861522e+00
1.000920331997891877e+00
1.311379782526216786e+00
1.615563504355559843e+00
-3.171703322556855831e-01
2.753254982803059026e+00
2.748096228248765982e+00
-1.288614548360547118e-01
9.172898683892679594e-01
1.067954216067563689e+00
9.961214452039979239e-01
-6.513470625078918719e-01
1.633915774471094817e+00
7.167084437781365835e-01
9.837596466680365026e-01
3.620719953511497557e+00
1.379597346351510545e+00
1.123411277906500638e+00
-5.552180655910481377e-01
1.158805982042009797e+00
1.805818560525603189e+00
-8.539082830078115194e-02
1.334518728585782466e+00
5.676861906687469261e-01
-1.097523839396774559e-01
2.351031548667414484e+00
1.106433197416476055e+00
1.264596603228740124e+00
1.572806605139761338e+00
2.866606198472118283e+00
1.557228002782721221e+00
2.299357191903128594e-02
2.806265889683189574e+00
5.445575743461195106e-01
1.348731182484007585e-01
1.311249013488682502e+00
1.531989874149039199e+00
2.104048618256313397e+00
8.940530478216081045e-01
2.324799355264527412e-01
-3.787768552432071445e-01
9.651744082949165193e-01
3.232387663291388602e+00
1.427814911917582030e+00
2.224032716525515818e-01
1.037748817639050580e+00
9.641623514449034760e-01
-6.765556932114114019e-03
8.787333414007658661e-01
1.146127344378990109e+00
1.433999755117305819e+00
2.032784778282852312e+00
-1.145785627246433958e+00
4.873920478191948735e-01
3.014041547522508857e+00
1.069126428348937452e+00
2.786122431450344106e-01
-2.433855775594193638e-01
2.512581728489515775e-01
-5.499049780820408628e-02
-1.156529907828942605e-01
2.115378755314064385e+00
1.571264579425047714e+00
1.259230506366569857e+00
2.373993823168158990e+00
2.353617036129644013e+00
8.397948263817153203e-01
9.290240820247639419e-01
1.620652892925797062e+00
1.055644321729261925e+00
1.289876209174279698e+00
7.904103089417742201e-01
1.626891061669596183e+00
1.713582608567246535e+00
5.613569413502323968e-01
9.278458055587045505e-01
-5.471165743854178309e-01
9.576450855753062541e-01
1.091666895102112012e+00
4.527162066645518124e-02
1.128477950762710069e+00
1.756077805259297353e-01
-6.963843272083183322e-01
8.315404828863710573e-01
1.937578399240377225e-01
5.379598723827836437e-01
1.047792879136272060e+00
1.619220528695495487e+00
3.123369032262352185e+00
3.771255698180100424e-01
2.584243869016868977e-01
2.140102735573886417e+00
1.960825420918686612e+00
1.422001879004103353e+00
2.951557827693141789e+00
5.257481797306704507e-01
2.042282398555855139e+00
8.877750505663161151e-01
-2.821726025300286267e-03
1.445760429109357315e+00
2.586965084360548506e-02
1.023500942044026640e-01
-7.924416726922567378e-01
1.151816629342819809e+00
2.591872229186738430e+00
-7.616645989696824159e-02
1.787125524980862634e-01
1.324929979626260801e+00
-7.851013941707463140e-01
-1.017022588411780504e+00
5.473453194660824472e-01
1.686166798520734700e+00
1.083639274770910710e+00
1.559897919097882335e+00
1.813520951658093683e+00
1.528653980772023413e-01
-4.968157040712255501e-01
1.178421787246101138e+00
2.758270518887186107e+00
-3.503483595911016657e-01
1.578528552146679864e+00
5.214024942208879132e-01
9.795295302461495268e-01
1.632061037604482401e+00
-7.615503145921520556e-01
1.964265479924313995e+00
1.597115052928529622e+00
-2.415354242117568884e-01
6.050633376639336092e-01
7.835023501225862885e-01
4.581595472657885582e-01
2.287789887035358127e+00
9.356893152567692384e-01
8.238837013507259721e-01
-3.684421051039257211e-01
8.825564120056814676e-01
2.259652432351084705e+00
2.375522574501458095e+00
1.057462319528650774e+00
1.447133891501281910e+00
1.272008304436648807e+00
2.736335240950675818e+00
1.800636023908111616e+00
-4.861257017440672179e-01
2.742212080415284969e+00
1.574442247317423549e-01
8.112765577457328181e-01
8.438814863576560299e-01
1.649700153331339569e+00
3.225223034042309145e+00
5.641560436630652653e-01
2.216484307122889241e+00
2.176404937451676069e+00
1.382683425410274669e+00
3.036273890916114659e-01
7.263601072924757984e-01
2.712040802188380173e+00
-2.365564700998676884e-01
8.597174888167204987e-01
2.720463539785319407e-01
1.475629144119905423e-01
7.021215423928450772e-01
2.785575350949790696e+00
5.744436700934404394e-01
9.022721635904900062e-01
7.030943889677392367e-01
2.872433849447185938e+00
-5.215678010546538346e-01
7.033568404187392487e-01
8.310115213696569469e-01
1.130459472877555438e+00
9.916225624552582607e-01
1.087541896039950995e+00
2.030126905268388793e+00
9.692502457156386697e-01
9.333521896306644638e-01
1.761555521989025319e+00
-8.443158531530987609e-01
1.146953165005992537e+00
-6.927430633445204045e-01
1.159041676163570234e+00
2.451239803147444274e+00
-5.401952626196890872e-01
2.217371546951006245e+00
4.067639572264495129e+00
4.677417404588909422e-01
2.594115708018613020e+00
9.024630125087558241e-01
3.007493222924914056e-01
1.482404756573020954e+00
2.051902665239842438e+00
4.704176323336950460e-01
-1.061254221368362227e+00
1.272202605985387924e+00
1.241501541163231748e+00
2.042171511974417708e+00
3.768400469066244707e+00
2.016625651661529961e+00
1.565307905105254527e+00
1.338986181779235896e-01
6.429895820044567722e-01
1.053790751382917890e+00
4.363884370527879586e-01
1.221823266954116249e-01
2.331611317233917013e-02
2.387743180410054622e-01
1.014244168010542513e+00
3.273137961757593306e+00
1.999316369047876796e+00
1.344015397634465980e+00
1.237612312032444484e+00
2.777073577304680629e-01
1.172082557635593991e+00
1.860692301598938947e+00
1.143023236347086247e+00
1.394580019178598640e+00
1.967775658606146116e+00
-7.803401970244419061e-01
3.172129871693255554e-01
1.557713502158128538e+00
-2.070334837301641695e-01
1.470827677063573979e+00
1.210766140576691408e+00
5.986762641488472259e-01
1.641594277970204185e-02
2.142411206453672445e+00
9.822401297253056107e-01
1.828101702423710062e-01
2.587146606805990956e+00
3.849908913946609612e+00
3.105672554180800127e+00
1.364241009092449941e+00
1.371200650824899281e+00
6.882676552255595492e-02
7.303201191582737728e-01
1.635494419230238528e+00
3.273435043096152075e+00
1.339354691374785578e+00
9.471486363886014725e-01
-1.447738351087541897e-01
-3.835978504959727253e-01
5.839308688362216948e-01
8.964255780410385066e-01
7.798491948970670551e-01
3.388294116445730086e+00
9.135773435718806956e-01
3.188436073651362834e-01
2.603390158980712243e+00
5.639532390981597532e-01
2.155209871902101781e-01
4.943464895621419997e-01
-8.130768844569402631e-02
1.053490411899144163e+00
7.077232715839842925e-01
2.437314280742060024e-01
1.385129189164027608e+00
1.459467417352303009e+00
6.022517224895777010e-01
1.608231158998121302e+00
9.301164774364023557e-01
1.112496885696207194e+00
1.702453370032535496e+00
2.463765073818058760e+00
1.645423603667427015e+00
1.055579883699768518e+00
4.933562701594412792e-01
1.213725189047696773e+00
-4.549358938902499094e-01
2.094044618873536212e-02
1.433074051162210871e-01
1.531513260891843142e+00
2.245697264727215092e+00
8.208049247082648270e-01
-6.018970505987655262e-01
2.558970860887497256e-01
4.208428190469870600e-01
9.040113171393651115e-01
1.267863587721422380e+00
-6.208123626846713261e-01
1.517871928016287786e-01
3.473333041738874805e+00
2.041352927209445944e+00
-2.517565330354301079e-01
2.686513147574539406e+00
1.684118741388653362e+00
1.782443456360070400e+00
1.727951064918413548e+00
1.183608855664494586e+00
2.996381634630989055e+00
8.213529909769894388e-01
1.799099754995757472e+00
5.737332374171492111e-01
1.938665731007553905e+00
3.028307560784855301e-01
3.243859324684771339e-01
1.426809825606607518e-01
1.708673182935931845e+00
-9.558825093966218933e-01
-1.621797673236158310e-01
3.250298173696557047e+00
1.127778723720429532e-02
2.291689114588074894e+00
7.430600036131650432e-01
2.959730097904951229e-01
-1.175438372102166618e-01
1.014387430109698673e+00
1.861147170732101230e+00
4.592943787354264451e-01
7.862600212339114769e-01
3.993573864089593473e-01
2.776270769714664688e+00
1.756660042277446099e+00
3.886758591615535607e-02
2.813859495355087503e+00
1.872000865024828986e+00
1.731396339458221245e+00
8.487120965416513618e-01
-7.712817777846561196e-01
9.764622878221049795e-01
2.268353556810634775e+00
2.765649852632757089e+00
1.659137112509518452e+00
1.810523531598250635e+00
5.352049022537264111e-01
3.716047370624507851e-01
1.231594744469061586e+00
7.107329261017638622e-01
5.134179245150817250e-01
1.386052937522048722e+00
1.957120014449571510e+00
3.286246321323580410e-01
1.103185150465776809e+00
2.054632283772640733e+00
-1.190359655500452529e-01
9.728744726168891965e-01
2.690551384555505798e+00
1.741962839712805966e+00
2.268167810179674504e+00
1.410496701840071809e+00
1.079830066194990668e+00
6.636231573456345956e-01
2.056848624210238174e+00
1.478003147916182591e-01
4.621017390478526776e-01
1.184464168291657904e+00
-3.650339290456527941e-01
6.195529564459598681e-01
4.319615985714038153e-01
1.615273776837149455e-01
-3.525287071920575332e-01
8.015419957741665158e-01
-1.252834447668038642e-01
7.899473476234730729e-02
1.135111332274841178e+00
4.931553063910193435e-01
3.926545908372061078e-01
1.867972831157637126e-01
1.397271335924161750e+00
1.294265124939018463e+00
-3.230491054820712193e-01
-1.468224291607445053e-02
8.095897881762363912e-01
1.036324113865631613e+00
1.331544160088732998e+00
5.591098916119747742e-01
1.172405949107717005e+00
1.035983230801797106e+00
1.534603948097498893e+00
6.190025184216062515e-01
6.672613033290615281e-01
1.001674977500262020e+00
1.685674061596832640e+00
1.372608392726593074e+00
5.933903922513457108e-01
-7.632208564566398401e-01
-2.682548167492342372e-01
-1.492720616394613842e-01
2.166115828223209139e+00
-2.065691019111557392e-01
4.474544243730396165e-01
-3.522003440835546062e-01
1.862801555478420745e+00
1.300054538161190765e+00
-8.307972878978313602e-01
1.817521721214611974e+00
1.138470386242940391e+00
4.617975539629042281e-01
1.353016336153318289e+00
1.055178263743931311e+00
-1.071438701076143030e+00
1.156730221249419044e-01
-4.272219120753397714e-01
1.193960944250021194e+00
6.235239195637918286e-01
1.615330610759309504e+00
1.838241569763711558e+00
2.639626982591615878e+00
2.482611469240024960e+00
1.771905929223896115e+00
2.401100811348761077e+00
7.586143765246943227e-01
-5.799919071488115474e-01
1.915185991410194521e+00
2.228265416487931638e+00
8.053483683818627448e-01
1.427114212847006680e+00
9.883334143848913067e-01
2.665555769961749810e+00
-1.922680101566731636e-02
5.269318747200455455e-01
1.058114427316075412e+00
9.666355919191200741e-01
2.634545800078944566e+00
1.680838915797234545e+00
1.722926951014298602e+00
9.350592255213320270e-01
-1.750891240986543806e+00
7.243261060566459353e-01
1.685217098493000609e+00
8.733021042369927267e-01
1.560685200469782430e+00
-2.232334650143603660e-01
1.239916543258378745e+00
9.240671604692130003e-02
1.786377433509874768e+00
1.285211749387196400e+00
1.987500498656598058e+00
7.381004149480518972e-01
3.977372871331008586e-01
7.927407902063079437e-01
1.419074415980868142e+00
8.353301481566373088e-01
8.639277124523049300e-01
7.673628310386371165e-01
-2.844613431416520566e-01
1.321845116828160638e+00
2.239890789199384891e+00
-1.909648217049586538e-01
1.076069651110863390e+00
1.760158900873075360e+00
-6.185305873277258115e-02
-1.007057143381038244e+00
1.682106112229838413e+00
1.188625271792342009e+00
3.955716141584677548e-01
1.623267003582269385e+00
1.968954729184736685e+00
4.790886271903715965e-01
7.689880452930173416e-01
5.806032149130462283e-01
2.751037658406606301e+00
2.595272968154416660e+00
1.529200219989786502e+00
-1.746710788200018794e-01
2.184973099121951812e+00
1.831097933240833253e+00
1.025469519273173757e+00
4.363088126422289825e-01
5.596420201913412384e-01
1.609461668677539370e+00
-1.876994437063981280e-01
1.698645950751121791e+00
2.131631819475052758e+00
-4.701905003710009634e-01
8.574797890427253710e-01
-4.571715291987648033e-01
-5.635850782235198864e-01
6.989306233766905407e-01
1.106007524934419672e+00
-7.386315177320534886e-01
-3.587746823276323216e-01
6.695149631680206159e-01
1.553030585389216345e+00
2.150658778525762038e+00
1.093327876035315116e+00
-1.831187917965646506e-01
2.479976145544743993e+00
6.975976376321992856e-01
9.343790812878679519e-01
1.259977142471407685e+00
1.476000896210955204e+00
3.723578957914369658e-01
9.011540366111444600e-01
1.700581836584459161e+00
-1.712904949079112171e+00
1.991273636261376545e+00
2.453011158615295173e+00
-7.156971208861140354e-02
1.718828326554335151e+00
2.423695908491870110e+00
6.713941355381234377e-01
1.557259044955430216e+00
1.400654284140427475e+00
-1.880108247721402392e+00
-7.241785135727114575e-01
8.087108965901418367e-01
-6.530061830839624104e-01
-2.313346640400391063e-01
-6.188894979833499121e-01
1.507932518208466632e+00
1.585435810416432112e+00
1.939459019559975239e+00
1.828146616256045576e+00
1.078046358102082269e+00
2.504678793122343095e+00
1.615475024347645672e-01
3.265792486902752145e-02
1.300422301827230509e+00
1.526900588377913870e+00
6.676130811007192634e-01
1.683121273539443852e+00
8.732055831499478948e-01
3.224618894759366805e-01
-4.497609894127001517e-01
-8.402357031306677548e-01
2.918444758963882446e+00
3.730478003372613705e-01
1.400255204862976388e+00
1.269298378230697244e+00
1.796981555524252316e+00
6.924585992183573957e-01
7.270617787710831337e-01
7.818677666223814438e-01
3.080126549167124583e+00
2.153856332173496035e+00
1.073504618189877080e+00
1.804989889279687620e+00
8.773046278692837596e-01
7.674198612420308763e-01
2.223000237401406842e-03
-9.000992498085047533e-01
1.105296786037269774e+00
1.850125020946646659e+00
9.138986725020528112e-01
1.536171847779690403e+00
1.481033063264271865e+00
1.229217584480230885e+00
8.459664314615567005e-01
1.150971457599159642e+00
1.967828462871768824e+00
1.989513299456128426e+00
2.590009136185963623e+00
1.313095948399524815e+00
1.945384945332242932e+00
2.848302000664828970e+00
1.653381633792671668e+00
2.760177729102768929e+00
7.063920309065692127e-01
1.824073158747960610e+00
1.160644211463339737e+00
1.066291417631980210e+00
-7.732111583372118790e-01
-5.029307549545865008e-01
2.467745003605394949e-01
6.166705811954370509e-01
2.084829615264573555e+00
6.006564418951663153e-01
2.005536134590386155e+00
2.551319648048615996e+00
7.434490563002571495e-02
5.514303001193161524e-01
6.844545358002549484e-01
1.709406405316716393e+00
7.710534592557322098e-01
-6.213410185637546768e-01
-1.025673242926619100e+00
-6.399065466081610420e-01
2.203050072273119442e-01
1.829943143152546359e+00
1.589740094609580323e+00
2.476123364625626433e-02
-3.859856688949840908e-01
2.354607715856527062e+00
6.700172263203245659e-01
9.682642125639862041e-01
1.703829180511535757e+00
8.362839806094475303e-01
1.194153961244099671e+00
1.240889418650602538e-01
3.864210819863700408e-01
1.704137370140378138e+00
-5.640679850346952406e-02
1.461394654207156085e+00
1.083418784014420932e+00
9.905285805543438959e-01
1.071426316308494275e+00
7.511023843700507241e-01
3.059417018366913599e+00
2.070782583292177570e+00
1.004347209460115797e+00
3.828774080771278898e-01
-3.756505710881092863e-01
1.643245025054121289e+00
1.160826260521779840e+00
1.931687951166467299e+00
5.224300356848015081e-01
8.921383007439878110e-01
2.050650167230048115e-01
3.540935249760943648e-01
6.861937476955579651e-01
1.031100988362960047e+00
1.871948126235015053e+00
2.767411515638245056e+00
9.614377476792079769e-01
1.144897942094079468e+00
2.324253914732681281e-01
2.071863200441749875e+00
-1.720723306892209870e+00
2.144545711767103402e+00
6.868328791213086371e-01
2.403868174317126627e+00
8.814435248239039788e-01
1.266814923686937933e+00
1.570890096744890219e+00
-1.352195284143445697e+00
1.509249164142936195e+00
8.991042005449315644e-01
1.152848399934279566e+00
-9.333223987909415875e-01
1.460873376813787594e+00
1.274195693983695143e+00
4.128739542285886355e-01
1.936394595772632954e+00
3.091010059196011461e+00
2.494117933034584178e-01
4.941426862585941437e-01
-1.013190976869614790e+00
1.414439531538643102e+00
1.711964783085199615e+00
-7.209534406335547096e-01
5.274802565071639027e-01
8.600456497570874159e-01
-2.043076809246999748e-01
-5.670599770732245304e-01
5.582853743447029338e-01
6.577315124804836710e-01
